id,read,energy,feasible,cost,hit,time_us
MP_P507-A,1,1.0525278727844567,1,68.20771639252719,0,2316.907812428326
MP_P507-A,2,0.9990602822569032,1,64.7428178894147,0,2316.907812428326
MP_P507-A,3,1.0,0,0.0,0,2316.907812428326
MP_P507-A,4,1.0839627341573133,1,70.24481219283697,0,2316.907812428326
MP_P507-A,5,0.9062807160834829,1,58.73035731691035,1,2316.907812428326
MP_P507-A,6,0.9090909090909092,1,58.91246826391232,0,2316.907812428326
MP_P507-A,7,0.9090909090909092,1,58.91246826391232,0,2316.907812428326
MP_P507-A,8,0.9062807160834829,1,58.73035731691035,1,2316.907812428326
MP_P507-A,9,0.9090909090909092,1,58.91246826391232,0,2316.907812428326
MP_P507-A,10,1.0,0,0.0,0,2316.907812428326
MP_P507-A,11,0.9062807160834829,1,58.73035731691035,1,2316.907812428326
MP_P507-A,12,0.9090909090909092,1,58.91246826391232,0,2316.907812428326
MP_P507-A,13,1.0,0,0.0,0,2316.907812428326
MP_P507-A,14,0.9990602822569032,1,64.7428178894147,0,2316.907812428326
MP_P507-A,15,0.9062807160834829,1,58.73035731691035,1,2316.907812428326
MP_P507-A,16,0.9062807160834829,1,58.73035731691035,1,2316.907812428326
MP_P507-A,17,0.9090909090909092,1,58.91246826391232,0,2316.907812428326
MP_P507-A,18,0.9090909090909092,1,58.91246826391232,0,2316.907812428326
MP_P507-A,19,1.0,0,0.0,0,2316.907812428326
MP_P507-A,20,1.0,0,0.0,0,2316.907812428326
MP_P507-A,21,1.0525278727844567,1,68.20771639252719,0,2316.907812428326
MP_P507-A,22,0.9990602822569032,1,64.7428178894147,0,2316.907812428326
MP_P507-A,23,1.0867729271647386,1,70.42692313983893,0,2316.907812428326
MP_P507-A,24,1.0867729271647386,1,70.42692313983893,0,2316.907812428326
MP_P507-A,25,0.9062807160834829,1,58.73035731691035,1,2316.907812428326
MP_P507-A,26,1.0,0,0.0,0,2316.907812428326
MP_P507-A,27,0.9090909090909092,1,58.91246826391232,0,2316.907812428326
MP_P507-A,28,1.0,0,0.0,0,2316.907812428326
MP_P507-A,29,0.9062807160834829,1,58.73035731691035,1,2316.907812428326
MP_P507-A,30,1.0,0,0.0,0,2316.907812428326
MP_P507-A,31,0.9062807160834829,1,58.73035731691035,1,2316.907812428326
MP_P507-A,32,1.2322632759746277,1,79.85523825250388,0,2316.907812428326
MP_P507-A,33,0.9062807160834829,1,58.73035731691035,1,2316.907812428326
MP_P507-A,34,1.0867729271647386,1,70.42692313983893,0,2316.907812428326
MP_P507-A,35,0.9090909090909092,1,58.91246826391232,0,2316.907812428326
MP_P507-A,36,0.9090909090909092,1,58.91246826391232,0,2316.907812428326
MP_P507-A,37,0.9990602822569032,1,64.7428178894147,0,2316.907812428326
MP_P507-A,38,1.0525278727844567,1,68.20771639252719,0,2316.907812428326
MP_P507-A,39,0.9062807160834829,1,58.73035731691035,1,2316.907812428326
MP_P507-A,40,1.0867729271647386,1,70.42692313983893,0,2316.907812428326
MP_P507-A,41,0.9062807160834829,1,58.73035731691035,1,2316.907812428326
MP_P507-A,42,1.0525278727844567,1,68.20771639252719,0,2316.907812428326
MP_P507-A,43,0.9090909090909092,1,58.91246826391232,0,2316.907812428326
MP_P507-A,44,0.9990602822569032,1,64.7428178894147,0,2316.907812428326
MP_P507-A,45,1.2322632759746277,1,79.85523825250388,0,2316.907812428326
MP_P507-A,46,1.2322632759746277,1,79.85523825250388,0,2316.907812428326
MP_P507-A,47,1.0,0,0.0,0,2316.907812428326
MP_P507-A,48,0.9090909090909092,1,58.91246826391232,0,2316.907812428326
MP_P507-A,49,0.9090909090909092,1,58.91246826391232,0,2316.907812428326
MP_P507-A,50,1.0,0,0.0,0,2316.907812428326
MP_P507-A,51,0.9090909090909092,1,58.91246826391232,0,2316.907812428326
MP_P507-A,52,1.0,0,0.0,0,2316.907812428326
MP_P507-A,53,1.0839627341573133,1,70.24481219283697,0,2316.907812428326
MP_P507-A,54,1.0839627341573133,1,70.24481219283697,0,2316.907812428326
MP_P507-A,55,0.9062807160834829,1,58.73035731691035,1,2316.907812428326
MP_P507-A,56,1.0839627341573133,1,70.24481219283697,0,2316.907812428326
MP_P507-A,57,1.0,0,0.0,0,2316.907812428326
MP_P507-A,58,1.0,0,0.0,0,2316.907812428326
MP_P507-A,59,1.0525278727844567,1,68.20771639252719,0,2316.907812428326
MP_P507-A,60,1.0839627341573133,1,70.24481219283697,0,2316.907812428326
MP_P507-A,61,0.9090909090909092,1,58.91246826391232,0,2316.907812428326
MP_P507-A,62,1.0525278727844567,1,68.20771639252719,0,2316.907812428326
MP_P507-A,63,1.0839627341573133,1,70.24481219283697,0,2316.907812428326
MP_P507-A,64,0.9090909090909092,1,58.91246826391232,0,2316.907812428326
MP_P507-B,1,1.0,0,0.0,0,2120.382812563548
MP_P507-B,2,1.0,0,0.0,0,2120.382812563548
MP_P507-B,3,1.0179357234638493,1,56.30425661198128,0,2120.382812563548
MP_P507-B,4,0.9090909090909101,1,50.283811294978804,0,2120.382812563548
MP_P507-B,5,1.0,0,0.0,0,2120.382812563548
MP_P507-B,6,0.9090909090909101,1,50.283811294978804,0,2120.382812563548
MP_P507-B,7,1.0,0,0.0,0,2120.382812563548
MP_P507-B,8,1.0614820335893338,1,58.71289849701802,0,2120.382812563548
MP_P507-B,9,1.0805783046242947,1,59.769155115093774,0,2120.382812563548
MP_P507-B,10,0.9075168781686891,1,50.19674819372689,1,2120.382812563548
MP_P507-B,11,1.0614820335893338,1,58.71289849701802,0,2120.382812563548
MP_P507-B,12,1.0,0,0.0,0,2120.382812563548
MP_P507-B,13,1.0614820335893338,1,58.71289849701802,0,2120.382812563548
MP_P507-B,14,1.0179357234638493,1,56.30425661198128,0,2120.382812563548
MP_P507-B,15,1.0805783046242947,1,59.769155115093774,0,2120.382812563548
MP_P507-B,16,0.9090909090909101,1,50.283811294978804,0,2120.382812563548
MP_P507-B,17,1.0614820335893338,1,58.71289849701802,0,2120.382812563548
MP_P507-B,18,1.0,0,0.0,0,2120.382812563548
MP_P507-B,19,0.9075168781686891,1,50.19674819372689,1,2120.382812563548
MP_P507-B,20,1.0805783046242947,1,59.769155115093774,0,2120.382812563548
MP_P507-B,21,1.0,0,0.0,0,2120.382812563548
MP_P507-B,22,1.0,0,0.0,0,2120.382812563548
MP_P507-B,23,0.9090909090909101,1,50.283811294978804,0,2120.382812563548
MP_P507-B,24,1.0179357234638493,1,56.30425661198128,0,2120.382812563548
MP_P507-B,25,0.9075168781686891,1,50.19674819372689,1,2120.382812563548
MP_P507-B,26,1.0805783046242947,1,59.769155115093774,0,2120.382812563548
MP_P507-B,27,0.9075168781686891,1,50.19674819372689,1,2120.382812563548
MP_P507-B,28,0.9075168781686891,1,50.19674819372689,1,2120.382812563548
MP_P507-B,29,1.0805783046242947,1,59.769155115093774,0,2120.382812563548
MP_P507-B,30,1.0179357234638493,1,56.30425661198128,0,2120.382812563548
MP_P507-B,31,0.9075168781686891,1,50.19674819372689,1,2120.382812563548
MP_P507-B,32,1.0,0,0.0,0,2120.382812563548
MP_P507-B,33,0.9090909090909101,1,50.283811294978804,0,2120.382812563548
MP_P507-B,34,0.9090909090909101,1,50.283811294978804,0,2120.382812563548
MP_P507-B,35,0.9075168781686891,1,50.19674819372689,1,2120.382812563548
MP_P507-B,36,1.2369492042076162,1,68.418372402435,0,2120.382812563548
MP_P507-B,37,0.9090909090909101,1,50.283811294978804,0,2120.382812563548
MP_P507-B,38,1.0179357234638493,1,56.30425661198128,0,2120.382812563548
MP_P507-B,39,1.0,0,0.0,0,2120.382812563548
MP_P507-B,40,0.9075168781686891,1,50.19674819372689,1,2120.382812563548
MP_P507-B,41,1.0179357234638493,1,56.30425661198128,0,2120.382812563548
MP_P507-B,42,0.9090909090909101,1,50.283811294978804,0,2120.382812563548
MP_P507-B,43,0.9090909090909101,1,50.283811294978804,0,2120.382812563548
MP_P507-B,44,1.0179357234638493,1,56.30425661198128,0,2120.382812563548
MP_P507-B,45,0.9090909090909101,1,50.283811294978804,0,2120.382812563548
MP_P507-B,46,1.0179357234638493,1,56.30425661198128,0,2120.382812563548
MP_P507-B,47,1.0179357234638493,1,56.30425661198128,0,2120.382812563548
MP_P507-B,48,0.9075168781686891,1,50.19674819372689,1,2120.382812563548
MP_P507-B,49,0.9075168781686891,1,50.19674819372689,1,2120.382812563548
MP_P507-B,50,1.0179357234638493,1,56.30425661198128,0,2120.382812563548
MP_P507-B,51,0.9090909090909101,1,50.283811294978804,0,2120.382812563548
MP_P507-B,52,1.0,0,0.0,0,2120.382812563548
MP_P507-B,53,1.0614820335893338,1,58.71289849701802,0,2120.382812563548
MP_P507-B,54,1.0805783046242947,1,59.769155115093774,0,2120.382812563548
MP_P507-B,55,1.0805783046242947,1,59.769155115093774,0,2120.382812563548
MP_P507-B,56,0.9075168781686891,1,50.19674819372689,1,2120.382812563548
MP_P507-B,57,1.253108752091424,0,14.000000000000002,0,2120.382812563548
MP_P507-B,58,1.0,0,0.0,0,2120.382812563548
MP_P507-B,59,1.0179357234638493,1,56.30425661198128,0,2120.382812563548
MP_P507-B,60,1.0805783046242947,1,59.769155115093774,0,2120.382812563548
MP_P507-B,61,0.9090909090909101,1,50.283811294978804,0,2120.382812563548
MP_P507-B,62,1.0614820335893338,1,58.71289849701802,0,2120.382812563548
MP_P507-B,63,1.0179357234638493,1,56.30425661198128,0,2120.382812563548
MP_P507-B,64,0.9075168781686891,1,50.19674819372689,1,2120.382812563548
R10_0,1,1.0709264048790246,1,170.67372526485784,0,23714.998437526447
R10_0,2,1.0065150398762661,1,160.40847495042854,0,23714.998437526447
R10_0,3,0.9364457506468611,1,149.24152027925814,0,23714.998437526447
R10_0,4,1.0410812635170146,1,165.9172999548606,0,23714.998437526447
R10_0,5,0.9207336282364409,1,146.73747662939869,0,23714.998437526447
R10_0,6,1.2937378808550655,1,206.1832284980783,0,23714.998437526447
R10_0,7,1.3022942853171564,1,207.54686414826352,0,23714.998437526447
R10_0,8,1.1031723709700465,1,175.8127704246801,0,23714.998437526447
R10_0,9,0.9570331799023784,1,152.52254241920892,0,23714.998437526447
R10_0,10,1.491578604323884,1,237.7131386111189,0,23714.998437526447
R10_0,11,0.9239959911813962,1,147.25739997281926,0,23714.998437526447
R10_0,12,0.9965546119825532,1,158.82107984455834,0,23714.998437526447
R10_0,13,1.0051403061644102,1,160.18938340241843,0,23714.998437526447
R10_0,14,1.0065465977944577,1,160.41350434127662,0,23714.998437526447
R10_0,15,1.501622848794252,1,239.313891579221,0,23714.998437526447
R10_0,16,1.1206573137581017,1,178.59934876291567,0,23714.998437526447
R10_0,17,1.0187803680680716,1,162.36320241307644,0,23714.998437526447
R10_0,18,1.0543237482472207,1,168.02775702303182,0,23714.998437526447
R10_0,19,1.1059561461963767,1,176.25642116110166,0,23714.998437526447
R10_0,20,1.2167227926089552,1,193.90932064345728,0,23714.998437526447
R10_0,21,1.4079696625471385,1,224.3883671856715,0,23714.998437526447
R10_0,22,1.1771631959715272,1,187.60470092605703,0,23714.998437526447
R10_0,23,1.1563765930320642,1,184.29193644185327,0,23714.998437526447
R10_0,24,0.9519634872867542,1,151.71458463544897,0,23714.998437526447
R10_0,25,1.032531895491502,1,164.55478570278316,0,23714.998437526447
R10_0,26,0.9914461359319731,1,158.00694113810172,0,23714.998437526447
R10_0,27,1.0271828528004328,1,163.70230784947188,0,23714.998437526447
R10_0,28,1.120411225887409,1,178.56012969665437,0,23714.998437526447
R10_0,29,1.3882098776403389,1,221.23924686786816,0,23714.998437526447
R10_0,30,1.2513400825829564,1,199.4262840981999,0,23714.998437526447
R10_0,31,1.3459431686981205,1,214.5031941970332,0,23714.998437526447
R10_0,32,1.0579684037446917,1,168.608606396272,0,23714.998437526447
R10_0,33,1.3156816116338454,1,209.6804046449737,0,23714.998437526447
R10_0,34,1.4527131889045926,1,231.5191506738008,0,23714.998437526447
R10_0,35,0.9565836175997191,1,152.45089559774277,0,23714.998437526447
R10_0,36,2.086320133015402,0,173.12702636452286,0,23714.998437526447
R10_0,37,3.1730105619934434,0,346.3130668602748,0,23714.998437526447
R10_0,38,0.9098772242752631,1,145.00728966361638,0,23714.998437526447
R10_0,39,1.02417852120859,1,163.22350700715938,0,23714.998437526447
R10_0,40,1.1473191138670948,1,182.84844443012224,0,23714.998437526447
R10_0,41,1.182910069581549,1,188.52058116131911,0,23714.998437526447
R10_0,42,1.0975998682499508,1,174.92467970812393,0,23714.998437526447
R10_0,43,2.5179802536213316,0,241.92077399876348,0,23714.998437526447
R10_0,44,0.8639282233770444,1,137.6843894906737,0,23714.998437526447
R10_0,45,1.1301701966803996,1,180.115418549747,0,23714.998437526447
R10_0,46,1.2789217527903567,1,203.82197962113946,0,23714.998437526447
R10_0,47,1.077577059806579,1,171.73364128407772,0,23714.998437526447
R10_0,48,0.996385069736327,1,158.79405986762868,0,23714.998437526447
R10_0,49,2.6905733092390136,0,269.4269589456575,0,23714.998437526447
R10_0,50,2.481059667291653,0,236.0367338078227,0,23714.998437526447
R10_0,51,1.0943202073171214,1,174.40199958140292,0,23714.998437526447
R10_0,52,0.9268137691561051,1,147.70646973309582,0,23714.998437526447
R10_0,53,1.1156710815995154,1,177.80469208654253,0,23714.998437526447
R10_0,54,0.9775030921350769,1,155.78483585102921,0,23714.998437526447
R10_0,55,1.1752950126028594,1,187.30696822140467,0,23714.998437526447
R10_0,56,1.3721708992596078,1,218.6831121258261,0,23714.998437526447
R10_0,57,1.4773312910303176,1,235.4425418420507,0,23714.998437526447
R10_0,58,1.2122336190591625,1,193.19388028302458,0,23714.998437526447
R10_0,59,1.020023468675678,1,162.56131557063097,0,23714.998437526447
R10_0,60,2.702496340149903,0,271.32713443179574,0,23714.998437526447
R10_0,61,1.0713174173790136,1,170.73604099420635,0,23714.998437526447
R10_0,62,0.9213348047529699,1,146.83328623419595,0,23714.998437526447
R10_0,63,1.354460513386595,1,215.8606048843814,0,23714.998437526447
R10_0,64,2.4215026587332744,0,226.54512311451967,0,23714.998437526447
R10_1,1,1.3946108710390455,1,227.78406819171178,0,24573.17031257844
R10_1,2,1.0048307344533072,1,164.12064274768713,0,24573.17031257844
R10_1,3,1.0,0,0.0,0,24573.17031257844
R10_1,4,1.1048347628083341,1,180.45446380652908,0,24573.17031257844
R10_1,5,1.183335924064444,1,193.27618651070375,0,24573.17031257844
R10_1,6,2.5314768747357483,0,250.13861580537625,0,24573.17031257844
R10_1,7,1.2742326023930026,1,208.12248923553952,0,24573.17031257844
R10_1,8,1.4531537167021362,1,237.3459666578577,0,24573.17031257844
R10_1,9,1.1592898451675104,1,189.3487012250616,0,24573.17031257844
R10_1,10,1.0684590239373009,1,174.5131550475131,0,24573.17031257844
R10_1,11,1.1612924089276824,1,189.67578323021286,0,24573.17031257844
R10_1,12,1.1480878996752963,1,187.5190691973285,0,24573.17031257844
R10_1,13,1.130418694668279,1,184.6331291248741,0,24573.17031257844
R10_1,14,2.806843008593294,0,295.11461557337134,0,24573.17031257844
R10_1,15,1.3432728432523504,1,219.39894438045084,0,24573.17031257844
R10_1,16,1.0864487119774964,1,177.45144013648698,0,24573.17031257844
R10_1,17,1.1858932977520666,1,193.69388652620685,0,24573.17031257844
R10_1,18,2.474959856153202,0,240.9075989804415,0,24573.17031257844
R10_1,19,1.2447711785839601,1,203.3105068329186,0,24573.17031257844
R10_1,20,1.2442984498005387,1,203.23329526969698,0,24573.17031257844
R10_1,21,1.2573090524324506,1,205.35833821799574,0,24573.17031257844
R10_1,22,1.016006440872502,1,165.94598910482827,0,24573.17031257844
R10_1,23,3.1886373291429884,0,357.4737046592803,0,24573.17031257844
R10_1,24,1.23142684792953,1,201.13095554238808,0,24573.17031257844
R10_1,25,1.1142586915309565,1,181.99368945532123,0,24573.17031257844
R10_1,26,1.361461264188204,1,222.3696888374086,0,24573.17031257844
R10_1,27,1.3811059353065538,1,225.5782850118329,0,24573.17031257844
R10_1,28,1.1618530471738282,1,189.76735318936275,0,24573.17031257844
R10_1,29,1.382269555761404,1,225.76834103860043,0,24573.17031257844
R10_1,30,1.18846889473771,1,194.11456298269727,0,24573.17031257844
R10_1,31,1.2579056240755264,1,205.45577723747425,0,24573.17031257844
R10_1,32,0.9842608935229222,1,160.76093707890243,0,24573.17031257844
R10_1,33,1.3724401556035275,1,224.1628890789601,0,24573.17031257844
R10_1,34,0.9814944386094879,1,160.30908748577383,0,24573.17031257844
R10_1,35,1.0714270066855747,1,174.99792051059944,0,24573.17031257844
R10_1,36,0.9198988177794831,1,150.24857427250794,0,24573.17031257844
R10_1,37,1.107939945481256,1,180.9616383570831,0,24573.17031257844
R10_1,38,1.2463020480051945,1,203.5605462323527,0,24573.17031257844
R10_1,39,2.59189728942966,0,260.00718068366115,0,24573.17031257844
R10_1,40,1.4178235464413333,1,231.57543232528366,0,24573.17031257844
R10_1,41,1.006216367940425,1,164.3469605251209,0,24573.17031257844
R10_1,42,1.1556535906764438,1,188.75478584826723,0,24573.17031257844
R10_1,43,1.1424551211073997,1,186.59905828671296,0,24573.17031257844
R10_1,44,1.7123383374799204,1,279.67901350231836,0,24573.17031257844
R10_1,45,1.6098950759867705,1,262.9467885166122,0,24573.17031257844
R10_1,46,1.4038078259944733,1,229.28622184491158,0,24573.17031257844
R10_1,47,0.9896972662787249,1,161.64886870788825,0,24573.17031257844
R10_1,48,1.3182145601772142,1,215.30613413546797,0,24573.17031257844
R10_1,49,1.4242102204376899,1,232.61857820584018,0,24573.17031257844
R10_1,50,1.1282040832051656,1,184.2714130225496,0,24573.17031257844
R10_1,51,1.0602982892628745,1,173.1802489428952,0,24573.17031257844
R10_1,52,1.5540039674690576,1,253.8180026034317,0,24573.17031257844
R10_1,53,2.4618587870541866,0,238.76777999651918,0,24573.17031257844
R10_1,54,1.1069661496728358,1,180.8025866994225,0,24573.17031257844
R10_1,55,1.3726595998467488,1,224.19873126512138,0,24573.17031257844
R10_1,56,1.150199339281972,1,187.8639340720669,0,24573.17031257844
R10_1,57,1.181207945094041,1,192.9286202347122,0,24573.17031257844
R10_1,58,1.1111992652046112,1,181.4939883634832,0,24573.17031257844
R10_1,59,1.3639123505784845,1,222.770028775281,0,24573.17031257844
R10_1,60,1.244655791319758,1,203.2916604428591,0,24573.17031257844
R10_1,61,1.1513096292946514,1,188.04527955073237,0,24573.17031257844
R10_1,62,2.812469840580821,0,296.0336552193161,0,24573.17031257844
R10_1,63,1.0892035078575937,1,177.90138544068458,0,24573.17031257844
R10_1,64,1.4556098431671423,0,74.41549878890493,0,24573.17031257844
R10_2,1,1.0753894981895087,1,141.25385975961674,0,22666.332812377732
R10_2,2,1.008161816485078,1,132.42341317311957,0,22666.332812377732
R10_2,3,1.2633416503182033,1,165.9416282221143,0,22666.332812377732
R10_2,4,1.1072134010251133,1,145.43397228229952,0,22666.332812377732
R10_2,5,1.1157116875091688,1,146.5502336640937,0,22666.332812377732
R10_2,6,2.988466213178711,0,261.18771671655605,0,22666.332812377732
R10_2,7,2.404465268785195,0,184.47840568299392,0,22666.332812377732
R10_2,8,1.1430569103170676,1,150.14206552976245,0,22666.332812377732
R10_2,9,1.1492070825744634,1,150.9498989436145,0,22666.332812377732
R10_2,10,1.2164997270023044,1,159.7888784713737,0,22666.332812377732
R10_2,11,1.2003272606123545,1,157.66460321737654,0,22666.332812377732
R10_2,12,1.602845826502211,1,210.53595927261998,0,22666.332812377732
R10_2,13,1.203216403728625,1,158.04409605904746,0,22666.332812377732
R10_2,14,0.9894334568015353,1,129.9634178907399,0,22666.332812377732
R10_2,15,1.0536249996805864,1,138.39506355108617,0,22666.332812377732
R10_2,16,1.2837408691657899,1,168.62109310730642,0,22666.332812377732
R10_2,17,2.2773983379344074,0,167.78799308300142,0,22666.332812377732
R10_2,18,1.0915032460577194,1,143.37042225665624,0,22666.332812377732
R10_2,19,1.125516337987115,1,147.83808771691437,0,22666.332812377732
R10_2,20,1.1902218057053489,1,156.33723809744134,0,22666.332812377732
R10_2,21,1.140561784171691,1,149.81432734818728,0,22666.332812377732
R10_2,22,1.2594673238435483,1,165.4327302187072,0,22666.332812377732
R10_2,23,1.3217201049960536,1,173.60971691363662,0,22666.332812377732
R10_2,24,1.1966606229919563,1,157.18298542485203,0,22666.332812377732
R10_2,25,1.4897964974983893,1,195.68677756505423,0,22666.332812377732
R10_2,26,1.3401770337187635,1,176.034059373536,0,22666.332812377732
R10_2,27,0.9123385707450993,1,119.83690071576929,0,22666.332812377732
R10_2,28,1.2827027565746292,1,168.48473561951866,0,22666.332812377732
R10_2,29,1.1791442905267573,1,154.88219155090536,0,22666.332812377732
R10_2,30,1.1276104428896794,1,148.11315121783824,0,22666.332812377732
R10_2,31,1.0831758033634387,1,142.27660143687413,0,22666.332812377732
R10_2,32,1.3123653507557087,1,172.38095733789575,0,22666.332812377732
R10_2,33,1.1797654808723976,1,154.96378573990768,0,22666.332812377732
R10_2,34,1.009605134855228,1,132.61299498602503,0,22666.332812377732
R10_2,35,2.9904361718829406,0,261.4464734470313,0,22666.332812377732
R10_2,36,1.0799476607285783,1,141.85258055160787,0,22666.332812377732
R10_2,37,1.6182218561563815,1,212.555621488112,0,22666.332812377732
R10_2,38,1.30222975434463,1,171.04963309078232,0,22666.332812377732
R10_2,39,1.1462536251971045,1,150.56195833708176,0,22666.332812377732
R10_2,40,1.024744547204925,1,134.60157719971326,0,22666.332812377732
R10_2,41,1.3027068915083149,1,171.11230570021266,0,22666.332812377732
R10_2,42,1.009605134855228,1,132.61299498602503,0,22666.332812377732
R10_2,43,2.5163431182497717,0,199.17371197441906,0,22666.332812377732
R10_2,44,1.0730123673772098,1,140.94162042404912,0,22666.332812377732
R10_2,45,1.1374229009211874,1,149.40203080334018,0,22666.332812377732
R10_2,46,1.1217568496446972,1,147.3442738569297,0,22666.332812377732
R10_2,47,2.57951598127152,0,207.47155266275658,0,22666.332812377732
R10_2,48,1.2995001125714083,1,170.69109096546154,0,22666.332812377732
R10_2,49,1.225504814521443,1,160.97170885208087,0,22666.332812377732
R10_2,50,1.125516337987115,1,147.83808771691437,0,22666.332812377732
R10_2,51,1.210161841025517,1,158.95638860751998,0,22666.332812377732
R10_2,52,1.5627532750847095,1,205.26974861604668,0,22666.332812377732
R10_2,53,1.3076729955397255,1,171.76461015695642,0,22666.332812377732
R10_2,54,1.132521917469962,1,148.75828002255872,0,22666.332812377732
R10_2,55,1.0010937433364475,1,131.4950122402592,0,22666.332812377732
R10_2,56,1.2108541616432404,1,159.0473258536153,0,22666.332812377732
R10_2,57,1.556904011041329,1,204.50143990160257,0,22666.332812377732
R10_2,58,1.1408054830969192,1,149.84633753041948,0,22666.332812377732
R10_2,59,1.1769508120224543,1,154.59407519347906,0,22666.332812377732
R10_2,60,1.2074669194982732,1,158.60240703329697,0,22666.332812377732
R10_2,61,1.0999926328652663,1,144.4855146539471,0,22666.332812377732
R10_2,62,1.0566318539562118,1,138.79001791216376,0,22666.332812377732
R10_2,63,1.013479959636875,1,133.12195844272736,0,22666.332812377732
R10_2,64,1.333339090191405,1,175.13588627654778,0,22666.332812377732
R10_3,1,1.0239810053030567,1,188.711988813533,0,23617.62343753071
R10_3,2,1.1101446058547744,1,204.59129159282347,0,23617.62343753071
R10_3,3,0.8484986539106458,1,156.37191281462657,0,23617.62343753071
R10_3,4,0.9489338448286055,1,174.8813622349167,0,23617.62343753071
R10_3,5,1.3671415228863921,1,251.95388824336328,0,23617.62343753071
R10_3,6,1.1207416586485124,1,206.5442486280727,0,23617.62343753071
R10_3,7,1.1024735360802715,1,203.17757119568986,0,23617.62343753071
R10_3,8,0.9809600930514257,1,180.78355862827235,0,23617.62343753071
R10_3,9,0.9995957982688211,1,184.21797877503698,0,23617.62343753071
R10_3,10,1.1690115574217224,1,215.44002750497165,0,23617.62343753071
R10_3,11,1.1853205050946087,1,218.44564375650992,0,23617.62343753071
R10_3,12,0.8669441187419054,1,159.7712730907153,0,23617.62343753071
R10_3,13,0.9615182973142211,1,177.20058206847935,0,23617.62343753071
R10_3,14,1.4203902725799509,1,261.76723185468484,0,23617.62343753071
R10_3,15,1.3842144022608203,1,255.1002913551748,0,23617.62343753071
R10_3,16,1.285443842749789,1,236.89762096869106,0,23617.62343753071
R10_3,17,1.1153762481511222,1,205.55544387435165,0,23617.62343753071
R10_3,18,0.9055469966033627,1,166.88549280517768,0,23617.62343753071
R10_3,19,1.0475866473582904,1,193.06233089643587,0,23617.62343753071
R10_3,20,1.0153452678455288,1,187.12048742625942,0,23617.62343753071
R10_3,21,1.1234753053363313,1,207.0480391285799,0,23617.62343753071
R10_3,22,1.1220524269395256,1,206.7858133541662,0,23617.62343753071
R10_3,23,1.3548323980712098,1,249.68540922627503,0,23617.62343753071
R10_3,24,0.8970230181244503,1,165.3145877561307,0,23617.62343753071
R10_3,25,0.9347253876976467,1,172.26285057379377,0,23617.62343753071
R10_3,26,0.9808273214177774,1,180.75908981594705,0,23617.62343753071
R10_3,27,0.9863232514340297,1,181.77194833419668,0,23617.62343753071
R10_3,28,1.1897942443568823,1,219.2701202157849,0,23617.62343753071
R10_3,29,2.4813326867989893,0,272.9984599056085,0,23617.62343753071
R10_3,30,1.3965082227993229,1,257.3659499093111,0,23617.62343753071
R10_3,31,1.0987041624371727,1,202.4829040162341,0,23617.62343753071
R10_3,32,0.9956999990994859,1,183.50001232306641,0,23617.62343753071
R10_3,33,1.1084531230856243,1,204.27956405514726,0,23617.62343753071
R10_3,34,1.1739703182719978,1,216.35388979075591,0,23617.62343753071
R10_3,35,1.6232053246109146,1,299.14451876906065,0,23617.62343753071
R10_3,36,0.8577056066799074,1,158.06868488266414,0,23617.62343753071
R10_3,37,1.0050996127546554,1,185.2322903416619,0,23617.62343753071
R10_3,38,1.3095799146289764,1,241.34571727407067,0,23617.62343753071
R10_3,39,1.2055170453153998,1,222.16771404148605,0,23617.62343753071
R10_3,40,1.4300388458095021,1,263.5453912482007,0,23617.62343753071
R10_3,41,2.731357832085429,0,319.0762115201833,0,23617.62343753071
R10_3,42,1.2609163733783824,1,232.3773930526745,0,23617.62343753071
R10_3,43,0.9119944718485442,1,168.07371394408855,0,23617.62343753071
R10_3,44,1.267323809745033,1,233.55823532776066,0,23617.62343753071
R10_3,45,1.1915717748816235,1,219.59770570688627,0,23617.62343753071
R10_3,46,1.384537528758642,1,255.15984113561626,0,23617.62343753071
R10_3,47,1.4196687631632194,1,261.6342631020671,0,23617.62343753071
R10_3,48,1.1767115358030367,1,216.859075540661,0,23617.62343753071
R10_3,49,2.256096817596081,0,231.4891852127191,0,23617.62343753071
R10_3,50,1.1939241323219036,1,220.03122747013856,0,23617.62343753071
R10_3,51,1.2295561586675028,1,226.59794162041123,0,23617.62343753071
R10_3,52,1.194170862414694,1,220.07669796838996,0,23617.62343753071
R10_3,53,0.8571412940517149,1,157.96468631450057,0,23617.62343753071
R10_3,54,0.8795910887391329,1,162.10201443091842,0,23617.62343753071
R10_3,55,0.8031387625169124,1,148.01242638573112,0,23617.62343753071
R10_3,56,1.1346333187038802,1,209.10437697361186,0,23617.62343753071
R10_3,57,3.017584074429063,0,371.8255527321381,0,23617.62343753071
R10_3,58,1.1138573756576413,1,205.2755271107452,0,23617.62343753071
R10_3,59,0.9284727652719624,1,171.11053934229588,0,23617.62343753071
R10_3,60,1.0233754254314036,1,188.6003850031366,0,23617.62343753071
R10_3,61,1.229229340360778,1,226.53771146738794,0,23617.62343753071
R10_3,62,0.9130955107774881,1,168.2766271279918,0,23617.62343753071
R10_3,63,1.2937593379504193,1,238.43010411940776,0,23617.62343753071
R10_3,64,0.8991064493430017,1,165.69854844170206,0,23617.62343753071
R10_4,1,1.019620088632422,1,195.8778197279193,0,23727.351562456533
R10_4,2,1.0259617809075898,1,197.09611355136826,0,23727.351562456533
R10_4,3,0.984535222115575,1,189.1377140401401,0,23727.351562456533
R10_4,4,1.0065796909847435,1,193.37264678351505,0,23727.351562456533
R10_4,5,2.3020511934378263,0,250.13527272380009,0,23727.351562456533
R10_4,6,1.054566587403194,1,202.59134377737638,0,23727.351562456533
R10_4,7,1.1572350039734616,1,222.31483276794242,0,23727.351562456533
R10_4,8,2.144558471530676,0,219.87956147004766,0,23727.351562456533
R10_4,9,1.133825573734832,1,217.8176791640285,0,23727.351562456533
R10_4,10,1.1263924665596683,1,216.38971511790248,0,23727.351562456533
R10_4,11,2.461560160191638,0,280.7783220155186,0,23727.351562456533
R10_4,12,0.8858931669778016,1,170.18772383370535,0,23727.351562456533
R10_4,13,2.456462756251611,0,279.7990667211432,0,23727.351562456533
R10_4,14,1.0161317764368398,1,195.20768484629158,0,23727.351562456533
R10_4,15,1.147499639837914,1,220.44458528813226,0,23727.351562456533
R10_4,16,1.1182163335675952,1,214.81900939903065,0,23727.351562456533
R10_4,17,0.897757652651265,1,172.46699393815035,0,23727.351562456533
R10_4,18,1.0710044694226184,1,205.74920279448153,0,23727.351562456533
R10_4,19,1.0233989417858211,1,196.6037700353058,0,23727.351562456533
R10_4,20,0.9962899566146532,1,191.39589999668365,0,23727.351562456533
R10_4,21,0.9709132697813772,1,186.52081942085175,0,23727.351562456533
R10_4,22,0.9510402544777925,1,182.703041650009,0,23727.351562456533
R10_4,23,0.9352117303905914,1,179.66224555126811,0,23727.351562456533
R10_4,24,2.074509329765455,0,206.42251671802893,0,23727.351562456533
R10_4,25,0.8864672522577379,1,170.29801057111473,0,23727.351562456533
R10_4,26,2.5076138707593465,0,289.6256373214413,0,23727.351562456533
R10_4,27,0.9241096517896459,1,177.52944042605864,0,23727.351562456533
R10_4,28,0.9835459750128628,1,188.9476711331676,0,23727.351562456533
R10_4,29,0.9645958445545944,1,185.30718750685517,0,23727.351562456533
R10_4,30,1.0030994044662407,1,192.70405370372674,0,23727.351562456533
R10_4,31,2.3593596562814305,0,261.1447230856697,0,23727.351562456533
R10_4,32,1.0034401236786472,1,192.76950880529867,0,23727.351562456533
R10_4,33,2.538330780152876,0,295.5266207444472,0,23727.351562456533
R10_4,34,1.2049377961257228,1,231.47895088006317,0,23727.351562456533
R10_4,35,2.2144170026617296,0,233.2999882740147,0,23727.351562456533
R10_4,36,0.9274778954957839,1,178.17650911451034,0,23727.351562456533
R10_4,37,2.4686082616533653,0,282.1323231409733,0,23727.351562456533
R10_4,38,1.1271693911897316,1,216.53896904524996,0,23727.351562456533
R10_4,39,1.0422533931472486,1,200.22587288127397,0,23727.351562456533
R10_4,40,1.0738977214114236,1,206.30502147421174,0,23727.351562456533
R10_4,41,1.031120255152132,1,198.0871009783602,0,23727.351562456533
R10_4,42,0.955013195499113,1,183.46627791206404,0,23727.351562456533
R10_4,43,0.9813639815847104,1,188.5284913620623,0,23727.351562456533
R10_4,44,1.0554346168170383,1,202.75809972004444,0,23727.351562456533
R10_4,45,0.8525129658758459,1,163.77509908569724,0,23727.351562456533
R10_4,46,0.9360507875062147,1,179.8234356653775,0,23727.351562456533
R10_4,47,1.1594645852273366,1,222.74315457111607,0,23727.351562456533
R10_4,48,0.9990778008304382,1,191.93146893340585,0,23727.351562456533
R10_4,49,0.913579492433179,1,175.50650592415147,0,23727.351562456533
R10_4,50,1.13389544577063,1,217.8311021851961,0,23727.351562456533
R10_4,51,1.0206346814521972,1,196.07273176590775,0,23727.351562456533
R10_4,52,2.4722688033735594,0,282.8355448008536,0,23727.351562456533
R10_4,53,0.9593688635247091,1,184.3030393350927,0,23727.351562456533
R10_4,54,0.9039613198933338,1,173.65877196139797,0,23727.351562456533
R10_4,55,1.0673536250694404,1,205.04784408250643,0,23727.351562456533
R10_4,56,1.0288650127607433,1,197.65384944917972,0,23727.351562456533
R10_4,57,1.129036020228277,1,216.8975645950893,0,23727.351562456533
R10_4,58,0.9791068311953417,1,188.09487329000123,0,23727.351562456533
R10_4,59,1.0397832665330995,1,199.75134023815968,0,23727.351562456533
R10_4,60,1.1297107965640265,1,217.02719495341978,0,23727.351562456533
R10_4,61,2.1686847245228407,0,224.51442291206553,0,23727.351562456533
R10_4,62,2.2239322612111962,0,235.12795157092904,0,23727.351562456533
R10_4,63,1.140200767613031,1,219.04240893458427,0,23727.351562456533
R10_4,64,0.8864589063929813,1,170.29640725845815,0,23727.351562456533
R10_5,1,1.4960480575724375,1,218.0863859562769,0,26076.58437500504
R10_5,2,1.2139552351871892,1,176.96430847566995,0,26076.58437500504
R10_5,3,1.162697841395918,1,169.49226256852546,0,26076.58437500504
R10_5,4,1.2400388540072136,1,180.76664766679943,0,26076.58437500504
R10_5,5,1.3730815222921073,1,200.16094088978144,0,26076.58437500504
R10_5,6,1.3840565889410534,1,201.76083108647822,0,26076.58437500504
R10_5,7,1.266100021897806,1,184.56571407398533,0,26076.58437500504
R10_5,8,2.3676979331886905,0,199.3761482588929,0,26076.58437500504
R10_5,9,1.2901911627192213,1,188.07759981101964,0,26076.58437500504
R10_5,10,1.4534396756715537,1,211.87514964393054,0,26076.58437500504
R10_5,11,1.5777920762086914,1,230.0026192000474,0,26076.58437500504
R10_5,12,1.2608457503073716,1,183.7997727018543,0,26076.58437500504
R10_5,13,1.3090978061079426,1,190.83371550285133,0,26076.58437500504
R10_5,14,1.3304838303541722,1,193.95126290664345,0,26076.58437500504
R10_5,15,1.1502245931594324,1,167.6739749705691,0,26076.58437500504
R10_5,16,1.1219849431244064,1,163.55734035737208,0,26076.58437500504
R10_5,17,1.5688917321219193,1,228.70517165761942,0,26076.58437500504
R10_5,18,0.9635376730818379,1,140.45969164661292,0,26076.58437500504
R10_5,19,1.265648340832076,1,184.49987027255676,0,26076.58437500504
R10_5,20,1.116655403381401,1,162.78042677128855,0,26076.58437500504
R10_5,21,1.344335490355494,1,195.97048846152683,0,26076.58437500504
R10_5,22,1.3662825242586898,1,199.1698170406997,0,26076.58437500504
R10_5,23,1.31012726814593,1,190.98378531792707,0,26076.58437500504
R10_5,24,1.5134568104338868,1,220.62414667615673,0,26076.58437500504
R10_5,25,1.199314073293035,1,174.8299932927219,0,26076.58437500504
R10_5,26,1.100413783914199,1,160.4128049066362,0,26076.58437500504
R10_5,27,1.0887945466833315,1,158.71901075181412,0,26076.58437500504
R10_5,28,1.2575856813101822,1,183.3245361865793,0,26076.58437500504
R10_5,29,1.2973629245225347,1,189.12306329376426,0,26076.58437500504
R10_5,30,1.2970689308823324,1,189.08020637472305,0,26076.58437500504
R10_5,31,1.0460134782697423,1,152.48260106534482,0,26076.58437500504
R10_5,32,1.3624644898074756,1,198.6132431186878,0,26076.58437500504
R10_5,33,1.4529480883831312,1,211.8034885134136,0,26076.58437500504
R10_5,34,1.2681187592911485,1,184.85999549100325,0,26076.58437500504
R10_5,35,1.457736041434849,1,212.50145230668298,0,26076.58437500504
R10_5,36,1.4791641166121856,1,215.62512968440598,0,26076.58437500504
R10_5,37,1.4673621727089383,1,213.90470146681616,0,26076.58437500504
R10_5,38,1.4125738041837224,1,205.91792776417617,0,26076.58437500504
R10_5,39,1.1845748942352685,1,172.68138965903472,0,26076.58437500504
R10_5,40,1.332090490246781,1,194.18547373140066,0,26076.58437500504
R10_5,41,1.376206319339591,1,200.61645813836373,0,26076.58437500504
R10_5,42,1.1803564962148414,1,172.06645274297557,0,26076.58437500504
R10_5,43,1.3288696120460735,1,193.71595025396806,0,26076.58437500504
R10_5,44,1.2398600719945136,1,180.74058572124483,0,26076.58437500504
R10_5,45,1.0927321053368821,1,159.2930083128536,0,26076.58437500504
R10_5,46,1.6317339325606781,1,237.86599260174583,0,26076.58437500504
R10_5,47,1.2479796901567468,1,181.92422295227047,0,26076.58437500504
R10_5,48,1.0434230399080135,1,152.1049799471652,0,26076.58437500504
R10_5,49,1.1698410592342547,1,170.53356505515063,0,26076.58437500504
R10_5,50,1.0404267022868545,1,151.6681888697689,0,26076.58437500504
R10_5,51,1.3228308658580552,1,192.8356521076708,0,26076.58437500504
R10_5,52,1.414075024432087,1,206.13676812617774,0,26076.58437500504
R10_5,53,1.266242953398205,1,184.58654991157968,0,26076.58437500504
R10_5,54,1.30656798058925,1,190.46493022106887,0,26076.58437500504
R10_5,55,1.4919088476347255,1,217.48299268193583,0,26076.58437500504
R10_5,56,1.3078464293348233,1,190.65129607017454,0,26076.58437500504
R10_5,57,1.5562865917936648,1,226.8676574917169,0,26076.58437500504
R10_5,58,1.1213295144334197,1,163.4617952485464,0,26076.58437500504
R10_5,59,1.4092277388553,1,205.43015513484448,0,26076.58437500504
R10_5,60,1.313928597106468,1,191.53792399725523,0,26076.58437500504
R10_5,61,1.5455899978657541,1,225.30836165227373,0,26076.58437500504
R10_5,62,1.0579232042791453,1,154.2187412180452,0,26076.58437500504
R10_5,63,1.0580497129875148,1,154.23718302334714,0,26076.58437500504
R10_5,64,1.1661380493031608,1,169.99375883104952,0,26076.58437500504
R10_6,1,1.11270238098027,1,133.12877224612242,0,25731.251562547186
R10_6,2,1.2018271718012699,1,143.79206746459732,0,25731.251562547186
R10_6,3,1.0569687087145248,1,126.46054227885193,0,25731.251562547186
R10_6,4,1.0341473450851062,1,123.7300905669661,0,25731.251562547186
R10_6,5,1.042069247678235,1,124.67790301358586,0,25731.251562547186
R10_6,6,0.9481385079234812,1,113.43960221233854,0,25731.251562547186
R10_6,7,1.2852919518946955,1,153.77817326392284,0,25731.251562547186
R10_6,8,1.3586673648323746,1,162.55714130103624,0,25731.251562547186
R10_6,9,2.7582375855170227,0,210.36353932365552,0,25731.251562547186
R10_6,10,1.081060593654179,1,129.34300493727238,0,25731.251562547186
R10_6,11,1.1751199173431672,1,140.59669010507398,0,25731.251562547186
R10_6,12,1.2585602205888762,1,150.5798673830445,0,25731.251562547186
R10_6,13,1.0206438636504203,1,122.11447264866497,0,25731.251562547186
R10_6,14,0.9666129239184826,1,115.64996534395321,0,25731.251562547186
R10_6,15,1.4164005006319726,1,169.46459617692835,0,25731.251562547186
R10_6,16,1.4506822799260277,1,173.5662241286987,0,25731.251562547186
R10_6,17,1.0612505806514712,1,126.97284490678233,0,25731.251562547186
R10_6,18,1.2092082884297817,1,144.67517781949152,0,25731.251562547186
R10_6,19,1.2699322511140991,1,151.94046882296803,0,25731.251562547186
R10_6,20,1.4443985102016086,1,172.81440534697526,0,25731.251562547186
R10_6,21,1.2395437913524958,1,148.3046553227322,0,25731.251562547186
R10_6,22,1.212927276132337,1,145.12013441822177,0,25731.251562547186
R10_6,23,1.1290039865483905,1,135.07917045863724,0,25731.251562547186
R10_6,24,1.06918822423782,1,127.92254067740447,0,25731.251562547186
R10_6,25,1.115607702479874,1,133.4763781206438,0,25731.251562547186
R10_6,26,1.289157439651639,1,154.24065779528593,0,25731.251562547186
R10_6,27,2.5681011023935376,0,187.61474594449075,0,25731.251562547186
R10_6,28,1.4363358716910817,1,171.8497546152812,0,25731.251562547186
R10_6,29,1.0404503568627064,1,124.48421155542458,0,25731.251562547186
R10_6,30,2.4548722492668276,0,174.06753111215133,0,25731.251562547186
R10_6,31,1.0679690665359516,1,127.7766751065219,0,25731.251562547186
R10_6,32,3.0461405350407205,0,244.80955728073187,0,25731.251562547186
R10_6,33,1.2450995881379683,1,148.9693761119937,0,25731.251562547186
R10_6,34,1.2527581496994422,1,149.8856812401916,0,25731.251562547186
R10_6,35,1.164455895295216,1,139.3207980186401,0,25731.251562547186
R10_6,36,1.2622550296567354,1,151.02193113998038,0,25731.251562547186
R10_6,37,1.0839589425529468,1,129.6897765781256,0,25731.251562547186
R10_6,38,1.121781837879027,1,134.2150797531923,0,25731.251562547186
R10_6,39,1.0212463312962505,1,122.18655461719365,0,25731.251562547186
R10_6,40,1.0994885523534634,1,131.5478097067889,0,25731.251562547186
R10_6,41,1.0894848691800618,1,130.3509235658242,0,25731.251562547186
R10_6,42,1.4931951716771614,1,178.6526598011692,0,25731.251562547186
R10_6,43,1.427701529164768,1,170.8167026156366,0,25731.251562547186
R10_6,44,1.4317187359643384,1,171.29733950311635,0,25731.251562547186
R10_6,45,1.447221232877098,1,173.15212872260798,0,25731.251562547186
R10_6,46,2.307788584702678,0,156.46977270380174,0,25731.251562547186
R10_6,47,1.0679833927463527,1,127.77838915947451,0,25731.251562547186
R10_6,48,1.1318001469210337,1,135.41371579958025,0,25731.251562547186
R10_6,49,1.0163251535150515,1,121.59776253117417,0,25731.251562547186
R10_6,50,1.1382582871237474,1,136.186397058178,0,25731.251562547186
R10_6,51,1.2412447916876346,1,148.50817073716627,0,25731.251562547186
R10_6,52,1.0319095943669687,1,123.46235589614082,0,25731.251562547186
R10_6,53,1.3150377437511374,1,157.33709505381645,0,25731.251562547186
R10_6,54,1.4013848511442148,1,167.66805559702746,0,25731.251562547186
R10_6,55,1.1334180684323734,1,135.60729128578157,0,25731.251562547186
R10_6,56,2.5418805985390946,0,184.47760564041312,0,25731.251562547186
R10_6,57,1.1630133550209862,1,139.1482059410939,0,25731.251562547186
R10_6,58,1.0319095943669687,1,123.46235589614082,0,25731.251562547186
R10_6,59,1.3813955732866816,1,165.27644750420117,0,25731.251562547186
R10_6,60,3.005675881774394,0,239.96818217379172,0,25731.251562547186
R10_6,61,1.3184091710664205,1,157.7404679474782,0,25731.251562547186
R10_6,62,1.1173949312308622,1,133.69021029482565,0,25731.251562547186
R10_6,63,3.0338498945332972,0,243.33904916567732,0,25731.251562547186
R10_6,64,3.067735807132614,0,247.3933138261089,0,25731.251562547186
R10_7,1,1.344014421835798,1,202.62608281751338,0,24292.324999805714
R10_7,2,1.1204367447843424,1,168.91910157508283,0,24292.324999805714
R10_7,3,1.4340070384841006,1,216.19353499487661,0,24292.324999805714
R10_7,4,0.9769540132164529,1,147.28738142594412,0,24292.324999805714
R10_7,5,1.3927937728640423,1,209.98014737266377,0,24292.324999805714
R10_7,6,1.102179774678767,1,166.1666472289782,0,24292.324999805714
R10_7,7,1.027893585625133,1,154.96712492413627,0,24292.324999805714
R10_7,8,1.7087006142941625,1,257.60684301987675,0,24292.324999805714
R10_7,9,1.1432967043479785,1,172.36551106629898,0,24292.324999805714
R10_7,10,2.605779034422394,0,242.09019660002645,0,24292.324999805714
R10_7,11,1.1542504089333718,1,174.0169116885085,0,24292.324999805714
R10_7,12,1.4267536149542366,1,215.09999554098795,0,24292.324999805714
R10_7,13,1.058173948139416,1,159.53224799341325,0,24292.324999805714
R10_7,14,1.1513296517933362,1,173.5765729774564,0,24292.324999805714
R10_7,15,1.231229766840908,1,185.62246107636855,0,24292.324999805714
R10_7,16,1.1524047678248799,1,173.73865944506144,0,24292.324999805714
R10_7,17,1.7136490045973503,1,258.35287143080535,0,24292.324999805714
R10_7,18,1.3589171969980711,1,204.87285257324032,0,24292.324999805714
R10_7,19,1.3372977519316684,1,201.6134653261081,0,24292.324999805714
R10_7,20,1.3942029621924803,1,210.19259934410883,0,24292.324999805714
R10_7,21,1.0572272433006162,1,159.38952103308145,0,24292.324999805714
R10_7,22,1.1008661226510341,1,165.96859863646225,0,24292.324999805714
R10_7,23,1.5204038387565753,1,229.21887529090307,0,24292.324999805714
R10_7,24,1.0310530673515501,1,155.44345419230183,0,24292.324999805714
R10_7,25,1.2489616410748532,1,188.29575100441065,0,24292.324999805714
R10_7,26,1.0171953418838733,1,153.3542380479985,0,24292.324999805714
R10_7,27,1.0891456062747942,1,164.20159206024454,0,24292.324999805714
R10_7,28,1.34938721121393,1,203.43609441248347,0,24292.324999805714
R10_7,29,1.3017016761539608,1,196.246935561747,0,24292.324999805714
R10_7,30,1.4141287682642414,1,213.19665046566425,0,24292.324999805714
R10_7,31,1.530348117400024,1,230.71809300407008,0,24292.324999805714
R10_7,32,2.4661473555559894,0,221.03906822947766,0,24292.324999805714
R10_7,33,1.3153949871633266,1,198.3113642803316,0,24292.324999805714
R10_7,34,1.4947136738944558,1,225.3457788505858,0,24292.324999805714
R10_7,35,0.9624208440036668,1,145.09633414202594,0,24292.324999805714
R10_7,36,1.1001674863887132,1,165.86327095035404,0,24292.324999805714
R10_7,37,1.2146900678021346,1,183.1289056704454,0,24292.324999805714
R10_7,38,0.9942888135788301,1,149.90080776779445,0,24292.324999805714
R10_7,39,1.1716994195301318,1,176.6475565750666,0,24292.324999805714
R10_7,40,1.1839948847151867,1,178.50124348972312,0,24292.324999805714
R10_7,41,1.1754729061055116,1,177.21645434201872,0,24292.324999805714
R10_7,42,2.484207491812306,0,223.7618475429399,0,24292.324999805714
R10_7,43,1.401688650438416,1,211.32115545319846,0,24292.324999805714
R10_7,44,1.246953356720784,1,187.99297836653002,0,24292.324999805714
R10_7,45,1.1947009069377401,1,180.1153030639876,0,24292.324999805714
R10_7,46,1.1879909187139681,1,179.103692914985,0,24292.324999805714
R10_7,47,1.0280457460093224,1,154.99006490313275,0,24292.324999805714
R10_7,48,1.4043325809653489,1,211.719759275605,0,24292.324999805714
R10_7,49,1.1420958988516396,1,172.18447542412414,0,24292.324999805714
R10_7,50,1.3945242934279456,1,210.24104383136415,0,24292.324999805714
R10_7,51,1.2271750348251373,1,185.01116223025326,0,24292.324999805714
R10_7,52,1.3060186418033162,1,196.89776923211178,0,24292.324999805714
R10_7,53,1.0585028638045486,1,159.5818359232156,0,24292.324999805714
R10_7,54,1.4138264854099845,1,213.15107774734648,0,24292.324999805714
R10_7,55,1.4679515589141552,1,221.31107324157637,0,24292.324999805714
R10_7,56,1.602468254344835,1,241.59105731454852,0,24292.324999805714
R10_7,57,1.4354475627961705,1,216.41071108600747,0,24292.324999805714
R10_7,58,0.9522693530831852,1,143.56587672538174,0,24292.324999805714
R10_7,59,2.676574631592306,0,252.7634708612289,0,24292.324999805714
R10_7,60,1.1512612624105287,1,173.5662624684914,0,24292.324999805714
R10_7,61,1.4522454109034797,1,218.94318551965108,0,24292.324999805714
R10_7,62,1.30452208835084,1,196.6721460848628,0,24292.324999805714
R10_7,63,1.0105347544212364,1,152.3500756484805,0,24292.324999805714
R10_7,64,1.1101627029227146,1,167.37016815345962,0,24292.324999805714
R10_8,1,1.0321258987287294,1,162.6923137493973,0,23078.06875001006
R10_8,2,1.0842355522659695,1,170.906273028101,0,23078.06875001006
R10_8,3,1.0724409887779416,1,169.04711531691947,0,23078.06875001006
R10_8,4,0.9052586418673556,1,142.69443598735418,0,23078.06875001006
R10_8,5,1.132298118144007,1,178.48229651231136,0,23078.06875001006
R10_8,6,1.231285549588403,1,194.0855230892576,0,23078.06875001006
R10_8,7,2.8824763187265887,0,296.73165671872283,0,23078.06875001006
R10_8,8,2.6699933407438756,0,263.2383131615566,0,23078.06875001006
R10_8,9,0.9429432043384836,1,148.6345918042103,0,23078.06875001006
R10_8,10,0.8871323938603197,1,139.83722522315176,0,23078.06875001006
R10_8,11,0.965372536400281,1,152.1700906551566,0,23078.06875001006
R10_8,12,2.812916130234129,0,285.76699821667245,0,23078.06875001006
R10_8,13,1.1680445966881834,1,184.11695533630612,0,23078.06875001006
R10_8,14,1.036220150957373,1,163.33768401766778,0,23078.06875001006
R10_8,15,1.1490514791616668,1,181.12310135055773,0,23078.06875001006
R10_8,16,1.0465478207953431,1,164.9656176870479,0,23078.06875001006
R10_8,17,0.9442125859646175,1,148.83468234940554,0,23078.06875001006
R10_8,18,1.001352856707257,1,157.84160957295188,0,23078.06875001006
R10_8,19,0.8605590868521702,1,135.6485183934385,0,23078.06875001006
R10_8,20,1.0971476709887753,1,172.94158913925324,0,23078.06875001006
R10_8,21,0.8481187484151818,1,133.68756823548557,0,23078.06875001006
R10_8,22,1.050153643768887,1,165.5339976523785,0,23078.06875001006
R10_8,23,1.134247773202631,1,178.78961744369337,0,23078.06875001006
R10_8,24,0.9704372352258908,1,152.96843082993328,0,23078.06875001006
R10_8,25,0.907533407865138,1,143.05300362321512,0,23078.06875001006
R10_8,26,2.2988686876964124,0,204.73854237961802,0,23078.06875001006
R10_8,27,0.8976971126307589,1,141.5025245272302,0,23078.06875001006
R10_8,28,2.474151874706557,0,232.36814385669808,0,23078.06875001006
R10_8,29,1.1243447969508367,1,177.228627528224,0,23078.06875001006
R10_8,30,0.9491029918207801,1,149.60554900907624,0,23078.06875001006
R10_8,31,2.222290258410812,0,192.667610084328,0,23078.06875001006
R10_8,32,1.0800536158023135,1,170.2470812375807,0,23078.06875001006
R10_8,33,1.141464925180241,1,179.92724528092197,0,23078.06875001006
R10_8,34,1.069399169807582,1,168.56763837820097,0,23078.06875001006
R10_8,35,1.135744856277931,1,179.02560019511571,0,23078.06875001006
R10_8,36,1.0665128586156918,1,168.1126738757234,0,23078.06875001006
R10_8,37,0.9857074215509911,1,155.3754452723331,0,23078.06875001006
R10_8,38,2.336343132541259,0,210.64557769942903,0,23078.06875001006
R10_8,39,1.0567861973038895,1,166.5794761952635,0,23078.06875001006
R10_8,40,0.9241722509472297,1,145.67575718697393,0,23078.06875001006
R10_8,41,1.0863949649526816,1,171.24665771060342,0,23078.06875001006
R10_8,42,1.1690314650085654,1,184.27251377215802,0,23078.06875001006
R10_8,43,1.1098000779229693,1,174.93596730683728,0,23078.06875001006
R10_8,44,1.2996715334362356,1,204.8650936377115,0,23078.06875001006
R10_8,45,1.062691145126859,1,167.5102634423148,0,23078.06875001006
R10_8,46,2.4581994370638647,0,229.85358725732488,0,23078.06875001006
R10_8,47,1.1357008142612344,1,179.01865792420884,0,23078.06875001006
R10_8,48,1.123606463534994,1,177.11224524202316,0,23078.06875001006
R10_8,49,1.2964981294683895,1,204.36487517150886,0,23078.06875001006
R10_8,50,1.340949137547046,1,211.37161471919106,0,23078.06875001006
R10_8,51,1.0482866728226483,1,165.2397100821117,0,23078.06875001006
R10_8,52,1.2963238357721316,1,204.3374015418372,0,23078.06875001006
R10_8,53,1.0344491086060117,1,163.05851751458363,0,23078.06875001006
R10_8,54,1.0530677170075222,1,165.99333824078218,0,23078.06875001006
R10_8,55,2.893303070913035,0,298.43825992068986,0,23078.06875001006
R10_8,56,0.98729643368684,1,155.6259186508964,0,23078.06875001006
R10_8,57,0.9317173010088169,1,146.86507106175034,0,23078.06875001006
R10_8,58,0.9999892613762,1,157.62666827586744,0,23078.06875001006
R10_8,59,2.472287733617428,0,232.0743023521693,0,23078.06875001006
R10_8,60,0.9128298824316872,1,143.88787822815195,0,23078.06875001006
R10_8,61,1.1396389758229297,1,179.6394238764825,0,23078.06875001006
R10_8,62,0.8912697152363975,1,140.48938441054133,0,23078.06875001006
R10_8,63,1.000640934059824,1,157.72939037288768,0,23078.06875001006
R10_8,64,0.9381479491946791,1,147.8787235953763,0,23078.06875001006
R10_9,1,1.0400234248766829,1,182.2306149813793,0,22525.656250081738
R10_9,2,1.0400234248766829,1,182.2306149813793,0,22525.656250081738
R10_9,3,2.277069257698063,0,223.76526397155456,0,22525.656250081738
R10_9,4,1.019668995727141,1,178.66415671438796,0,22525.656250081738
R10_9,5,1.0762815389237552,1,188.58368190546898,0,22525.656250081738
R10_9,6,1.1177602819920551,1,195.8514959538756,0,22525.656250081738
R10_9,7,1.1982621098578399,1,209.95684901440563,0,22525.656250081738
R10_9,8,1.067883749843915,1,187.1122397899376,0,22525.656250081738
R10_9,9,0.8710027485240843,1,152.61518415590984,0,22525.656250081738
R10_9,10,2.2485173193908707,0,218.76245619609762,0,22525.656250081738
R10_9,11,1.0063101440090705,1,176.3234481247544,0,22525.656250081738
R10_9,12,1.1351499261054272,1,198.89847111355868,0,22525.656250081738
R10_9,13,1.3058443141919298,1,228.80716602450386,0,22525.656250081738
R10_9,14,0.9948437836625139,1,174.3143377070739,0,22525.656250081738
R10_9,15,1.0729095168265204,1,187.9928436168192,0,22525.656250081738
R10_9,16,1.3893649190523298,1,243.44146254444254,0,22525.656250081738
R10_9,17,0.8952649941538837,1,156.86636142383716,0,22525.656250081738
R10_9,18,0.9150089135365533,1,160.32584751346457,0,22525.656250081738
R10_9,19,1.1620951156545622,1,203.6197479087526,0,22525.656250081738
R10_9,20,1.0232560832550988,1,179.2926782943601,0,22525.656250081738
R10_9,21,1.0025986768171258,1,175.67313301386977,0,22525.656250081738
R10_9,22,1.2871867749146304,1,225.5380330653647,0,22525.656250081738
R10_9,23,1.1895244817113593,1,208.42586104574488,0,22525.656250081738
R10_9,24,0.947037552907517,1,165.9378351956452,0,22525.656250081738
R10_9,25,1.1787603877816863,1,206.5398002036492,0,22525.656250081738
R10_9,26,1.2011593290532758,1,210.46449338384215,0,22525.656250081738
R10_9,27,1.217992820224918,1,213.41402064939953,0,22525.656250081738
R10_9,28,0.8531333050328946,1,149.48413960548467,0,22525.656250081738
R10_9,29,2.7922224367102686,0,314.0292699309749,0,22525.656250081738
R10_9,30,1.2566244323959026,1,220.18296668970135,0,22525.656250081738
R10_9,31,0.8815686909108784,1,154.46652532087583,0,22525.656250081738
R10_9,32,2.3716129427875146,0,240.3310003428286,0,22525.656250081738
R10_9,33,1.344936980260659,1,235.6568969137969,0,22525.656250081738
R10_9,34,0.9792493961190516,1,171.5819234514628,0,22525.656250081738
R10_9,35,1.1289488032386252,1,197.81192401609607,0,22525.656250081738
R10_9,36,0.9580423274593457,1,167.8660675665161,0,22525.656250081738
R10_9,37,1.138863644025232,1,199.5491805920237,0,22525.656250081738
R10_9,38,1.0248935847372636,1,179.5795976992416,0,22525.656250081738
R10_9,39,0.8964076447022187,1,157.06657413746598,0,22525.656250081738
R10_9,40,1.0615877363025525,1,186.00906615737262,0,22525.656250081738
R10_9,41,1.0470139382110872,1,183.4554773387964,0,22525.656250081738
R10_9,42,1.076091163893878,1,188.55032481182914,0,22525.656250081738
R10_9,43,2.395816563556732,0,244.57190549174226,0,22525.656250081738
R10_9,44,0.9279427707905334,1,162.59208950869007,0,22525.656250081738
R10_9,45,0.9470633847070076,1,165.9423613866843,0,22525.656250081738
R10_9,46,1.0542477467140046,1,184.7229693400467,0,22525.656250081738
R10_9,47,1.0543902651112873,1,184.7479410998767,0,22525.656250081738
R10_9,48,2.4004644293556616,0,245.3862943051382,0,22525.656250081738
R10_9,49,1.0727591650606882,1,187.96649931139743,0,22525.656250081738
R10_9,50,1.0965596840505718,1,192.13677385393103,0,22525.656250081738
R10_9,51,1.017531306989735,1,178.28959559976443,0,22525.656250081738
R10_9,52,1.1246708992001793,1,197.06235908793136,0,22525.656250081738
R10_9,53,1.0233388231677978,1,179.30717579971844,0,22525.656250081738
R10_9,54,1.0566040957995781,1,185.13584363951378,0,22525.656250081738
R10_9,55,1.073280166539309,1,188.0577880435396,0,22525.656250081738
R10_9,56,0.9175596783096864,1,160.77278690171536,0,22525.656250081738
R10_9,57,0.97093267437495,1,170.12468577603627,0,22525.656250081738
R10_9,58,1.233310084093219,1,216.09787790471415,0,22525.656250081738
R10_9,59,0.9713636091740838,1,170.20019322287249,0,22525.656250081738
R10_9,60,1.0992530376908327,1,192.60869734958308,0,22525.656250081738
R10_9,61,2.6300034605347875,0,285.6056180371612,0,22525.656250081738
R10_9,62,1.2668205358566738,1,221.96950549221933,0,22525.656250081738
R10_9,63,1.0039712205921276,1,175.91362711258404,0,22525.656250081738
R10_9,64,2.465158337752815,0,256.7218185162021,0,22525.656250081738
R11_0,1,2.6401403387723725,0,230.07689551215233,0,34683.526562503175
R11_0,2,2.786441014159223,0,250.59977663922143,0,34683.526562503175
R11_0,3,1.0874688092223685,1,152.54880431722844,0,34683.526562503175
R11_0,4,2.9235539855061674,0,269.8338177978974,0,34683.526562503175
R11_0,5,2.543756126735108,0,216.55623526272666,0,34683.526562503175
R11_0,6,2.622572759883159,0,227.61253687347545,0,34683.526562503175
R11_0,7,1.259317366197461,1,176.65551125711534,0,34683.526562503175
R11_0,8,2.572668276061048,0,220.61199646940236,0,34683.526562503175
R11_0,9,2.6245341912488485,0,227.88768408418025,0,34683.526562503175
R11_0,10,1.2293450647030113,1,172.4510331913184,0,34683.526562503175
R11_0,11,1.30544888580501,1,183.1267848217345,0,34683.526562503175
R11_0,12,1.2418166962520516,1,174.200538523845,0,34683.526562503175
R11_0,13,2.6091193374266197,0,225.72530710438704,0,34683.526562503175
R11_0,14,2.9475942725789324,0,273.2061600823778,0,34683.526562503175
R11_0,15,2.73797007852977,0,243.80033263521662,0,34683.526562503175
R11_0,16,2.50419278671777,0,211.0063379569305,0,34683.526562503175
R11_0,17,1.2397333951128182,1,173.90829556926371,0,34683.526562503175
R11_0,18,1.0276283507823045,1,144.15445745650845,0,34683.526562503175
R11_0,19,2.2377214546106785,0,173.62606299821763,0,34683.526562503175
R11_0,20,2.8575119660112165,0,260.56952348139777,0,34683.526562503175
R11_0,21,2.567023547167402,0,219.82016075317856,0,34683.526562503175
R11_0,22,2.575027871398312,0,220.94299763864873,0,34683.526562503175
R11_0,23,1.3460444567094108,1,188.821482223189,0,34683.526562503175
R11_0,24,2.496226589621788,0,209.88884949966015,0,34683.526562503175
R11_0,25,1.1371704763592376,1,159.52089384292654,0,34683.526562503175
R11_0,26,1.3715697153898105,1,192.4021345219593,0,34683.526562503175
R11_0,27,1.108045880404461,1,155.43533088107864,0,34683.526562503175
R11_0,28,1.3329106588831472,1,186.97908900919563,0,34683.526562503175
R11_0,29,2.67458302918385,0,234.90847430795816,0,34683.526562503175
R11_0,30,2.428821365272068,0,200.43332646113035,0,34683.526562503175
R11_0,31,1.3120999421179462,1,184.05978692660423,0,34683.526562503175
R11_0,32,1.1032072993984094,1,154.75658061182438,0,34683.526562503175
R11_0,33,2.3242801418896875,0,185.76841056322405,0,34683.526562503175
R11_0,34,2.6753060535650945,0,235.0098992903723,0,34683.526562503175
R11_0,35,1.174270823366399,1,164.7252854794492,0,34683.526562503175
R11_0,36,1.1918463445864766,1,167.19075825865625,0,34683.526562503175
R11_0,37,1.2800533635722466,1,179.56433179433188,0,34683.526562503175
R11_0,38,1.1916380735074412,1,167.16154224454104,0,34683.526562503175
R11_0,39,1.367611389741743,1,191.8468654056495,0,34683.526562503175
R11_0,40,3.2368947197462887,0,313.78887558607806,0,34683.526562503175
R11_0,41,2.4617859721745816,0,205.05756149676472,0,34683.526562503175
R11_0,42,1.3508604151368928,1,189.4970590245858,0,34683.526562503175
R11_0,43,2.707903245128037,0,239.58259374823126,0,34683.526562503175
R11_0,44,1.3650176989151532,1,191.4830256053634,0,34683.526562503175
R11_0,45,3.9182355295548206,0,269.0877512539089,0,34683.526562503175
R11_0,46,1.276896889779028,1,179.12154548273358,0,34683.526562503175
R11_0,47,1.1691534894260016,1,164.00743208698466,0,34683.526562503175
R11_0,48,2.578322868329721,0,221.40521580789894,0,34683.526562503175
R11_0,49,1.2482727332272177,1,175.106183552776,0,34683.526562503175
R11_0,50,1.3115520251733415,1,183.9829258028132,0,34683.526562503175
R11_0,51,1.3610838660770561,1,190.9311923107014,0,34683.526562503175
R11_0,52,1.2388984053903442,1,173.7911642247132,0,34683.526562503175
R11_0,53,2.88253626625621,0,264.07990193903737,0,34683.526562503175
R11_0,54,1.6918998260794247,1,237.3376535530283,0,34683.526562503175
R11_0,55,1.238420423112533,1,173.72411345107557,0,34683.526562503175
R11_0,56,1.305347643276292,1,183.11258264271936,0,34683.526562503175
R11_0,57,1.1900413364659812,1,166.93755391088195,0,34683.526562503175
R11_0,58,2.8865737071218547,0,264.64626924201815,0,34683.526562503175
R11_0,59,1.0727561921814477,1,150.4849362605668,0,34683.526562503175
R11_0,60,1.0961416880688901,1,153.76542523251823,0,34683.526562503175
R11_0,61,2.7052318089411074,0,239.20784792318307,0,34683.526562503175
R11_0,62,1.2409663322041418,1,174.08125048758845,0,34683.526562503175
R11_0,63,2.7544797896631508,0,246.1162948694081,0,34683.526562503175
R11_0,64,2.120933101750694,0,157.24313464580925,0,34683.526562503175
R11_1,1,1.4242105439023902,1,193.17342275969978,0,38564.72500001473
R11_1,2,2.377607378655906,0,186.85238196931792,0,38564.72500001473
R11_1,3,1.190410748164446,1,161.46188475951968,0,38564.72500001473
R11_1,4,1.2613891379889566,1,171.0890698432678,0,38564.72500001473
R11_1,5,1.2830616382689755,1,174.02862893920067,0,38564.72500001473
R11_1,6,1.2728315086510946,1,172.64106081451385,0,38564.72500001473
R11_1,7,3.417192410995554,0,327.85695450713075,0,38564.72500001473
R11_1,8,1.1576554341910423,1,157.0191033597466,0,38564.72500001473
R11_1,9,1.0734451265649838,1,145.59720129237292,0,38564.72500001473
R11_1,10,3.035114347581896,0,276.03362853400614,0,38564.72500001473
R11_1,11,1.4744667388393538,1,199.9899438368786,0,38564.72500001473
R11_1,12,1.0874474240607235,1,147.49640906423875,0,38564.72500001473
R11_1,13,2.8740984352462,0,254.19416453212094,0,38564.72500001473
R11_1,14,2.8111923569047867,0,245.66187096244732,0,38564.72500001473
R11_1,15,1.4097019223062048,1,191.2055394960493,0,38564.72500001473
R11_1,16,1.3191660342907205,1,178.9256645538096,0,38564.72500001473
R11_1,17,1.129257120738778,1,153.16728563963275,0,38564.72500001473
R11_1,18,1.5714435692069735,1,213.14343882447417,0,38564.72500001473
R11_1,19,1.2743897068330412,1,172.85240770941897,0,38564.72500001473
R11_1,20,1.164551925748075,1,157.95451202162542,0,38564.72500001473
R11_1,21,1.1726977988437284,1,159.05938109733242,0,38564.72500001473
R11_1,22,3.1667690888002866,0,293.89067719340954,0,38564.72500001473
R11_1,23,1.1239363733403707,1,152.44560372891272,0,38564.72500001473
R11_1,24,1.2663868076722054,1,171.76693096616714,0,38564.72500001473
R11_1,25,3.0237879920946185,0,274.49737333196657,0,38564.72500001473
R11_1,26,2.7586057615693704,0,238.5292650035084,0,38564.72500001473
R11_1,27,2.4060448597127255,0,190.70951220468135,0,38564.72500001473
R11_1,28,1.077300172523728,1,146.12008214446035,0,38564.72500001473
R11_1,29,1.0138509335265198,1,137.5141167406335,0,38564.72500001473
R11_1,30,1.1178884667587816,1,151.62529326295055,0,38564.72500001473
R11_1,31,1.2796719514682096,1,173.56886728093207,0,38564.72500001473
R11_1,32,1.1836740429743138,1,160.54814879170775,0,38564.72500001473
R11_1,33,1.4755641333048395,1,200.1387894172768,0,38564.72500001473
R11_1,34,1.3986591600340645,1,189.70774958432256,0,38564.72500001473
R11_1,35,1.254948671194363,1,170.21551430036777,0,38564.72500001473
R11_1,36,1.3752432994124355,1,186.53172904261973,0,38564.72500001473
R11_1,37,1.24993082420621,1,169.5349164198536,0,38564.72500001473
R11_1,38,1.1587007454637188,1,157.16088461340777,0,38564.72500001473
R11_1,39,2.7859161779146717,0,242.2335253216209,0,38564.72500001473
R11_1,40,2.53936795694959,0,208.79284906553713,0,38564.72500001473
R11_1,41,2.7740227865350704,0,240.62035995723346,0,38564.72500001473
R11_1,42,1.122724619763467,1,152.28124700020172,0,38564.72500001473
R11_1,43,1.2840346804003815,1,174.1606079361388,0,38564.72500001473
R11_1,44,1.1785624274221433,1,159.85483257082154,0,38564.72500001473
R11_1,45,2.555703778570745,0,211.00856540724106,0,38564.72500001473
R11_1,46,1.4609864088348772,1,198.16153335498583,0,38564.72500001473
R11_1,47,1.1376492569493806,1,154.30555672111564,0,38564.72500001473
R11_1,48,1.4258183199780206,1,193.39149417399335,0,38564.72500001473
R11_1,49,2.660009845096777,0,225.15616456082134,0,38564.72500001473
R11_1,50,1.1696108631435536,1,158.64068321758728,0,38564.72500001473
R11_1,51,1.159147429000619,1,157.22147073115784,0,38564.72500001473
R11_1,52,1.4834846002728455,1,201.21308543384205,0,38564.72500001473
R11_1,53,1.1472507875584697,1,155.6078645431091,0,38564.72500001473
R11_1,54,2.7131996268124894,0,232.37058396942325,0,38564.72500001473
R11_1,55,2.5942766139050413,0,216.24040887236137,0,38564.72500001473
R11_1,56,1.3265093816862858,1,179.92168270364533,0,38564.72500001473
R11_1,57,1.3636672428015224,1,184.96160551898484,0,38564.72500001473
R11_1,58,1.1453564522715212,1,155.35092554430662,0,38564.72500001473
R11_1,59,1.235343696627833,1,167.556384962822,0,38564.72500001473
R11_1,60,0.9543390967280345,1,129.44220261368125,0,38564.72500001473
R11_1,61,1.0011299418177444,1,135.78869944204453,0,38564.72500001473
R11_1,62,1.193567428974589,1,161.89004254789327,0,38564.72500001473
R11_1,63,1.2564741187714823,1,170.42241905259982,0,38564.72500001473
R11_1,64,2.834518754396761,0,248.82575713325966,0,38564.72500001473
R11_2,1,1.187837501906806,1,185.2338362956661,0,34706.16562481155
R11_2,2,1.182626683593874,1,184.42125051285026,0,34706.16562481155
R11_2,3,1.550422463803148,1,241.77608501854442,0,34706.16562481155
R11_2,4,2.3848120362023764,0,215.95045248394916,0,34706.16562481155
R11_2,5,1.1771689753113996,1,183.57016419765816,0,34706.16562481155
R11_2,6,1.4698867376390332,1,229.21717734616618,0,34706.16562481155
R11_2,7,2.504337530109712,0,234.589505162492,0,34706.16562481155
R11_2,8,1.243115556360653,1,193.85401041292485,0,34706.16562481155
R11_2,9,1.2315917637665486,1,192.05696636653386,0,34706.16562481155
R11_2,10,3.0603547169827507,0,321.2959750335683,0,34706.16562481155
R11_2,11,1.0795471391282732,1,168.34681319771124,0,34706.16562481155
R11_2,12,0.9250661985326332,1,144.2567358806053,0,34706.16562481155
R11_2,13,1.1271851825362909,1,175.77558819422518,0,34706.16562481155
R11_2,14,2.799965214889415,0,280.69029763540675,0,34706.16562481155
R11_2,15,1.4543678498086159,1,226.79712988743862,0,34706.16562481155
R11_2,16,1.3181290410543873,1,205.55176833134513,0,34706.16562481155
R11_2,17,1.3017716467217788,1,203.00096243477608,0,34706.16562481155
R11_2,18,1.1955629950714979,1,186.43856567478926,0,34706.16562481155
R11_2,19,1.3512840432594047,1,210.72202793416798,0,34706.16562481155
R11_2,20,1.1214541211462716,1,174.8818746301937,0,34706.16562481155
R11_2,21,1.3627374720741159,1,212.50809930729977,0,34706.16562481155
R11_2,22,1.0844526907137109,1,169.11179505580083,0,34706.16562481155
R11_2,23,1.2007569165027405,1,187.2485165229342,0,34706.16562481155
R11_2,24,3.335957904987694,0,364.27410607213295,0,34706.16562481155
R11_2,25,1.2470408552934522,1,194.466129645364,0,34706.16562481155
R11_2,26,2.442429298595478,0,224.93540752434504,0,34706.16562481155
R11_2,27,1.2885991872570166,1,200.94682186740823,0,34706.16562481155
R11_2,28,2.735106603552392,0,270.5761116668035,0,34706.16562481155
R11_2,29,1.4773052509383717,1,230.37403565030348,0,34706.16562481155
R11_2,30,3.0158129026922325,0,314.350032408119,0,34706.16562481155
R11_2,31,1.316951639887229,1,205.36816195867064,0,34706.16562481155
R11_2,32,1.2793953030196228,1,199.51154912734341,0,34706.16562481155
R11_2,33,3.2934664774062767,0,357.6479049899561,0,34706.16562481155
R11_2,34,2.4714480244469357,0,229.46064763946893,0,34706.16562481155
R11_2,35,0.9996866785298444,1,155.8932078339817,0,34706.16562481155
R11_2,36,1.1559889323018098,1,180.26730449397309,0,34706.16562481155
R11_2,37,1.278648730738066,1,199.39512710197144,0,34706.16562481155
R11_2,38,1.3864008499114817,1,216.1982153791466,0,34706.16562481155
R11_2,39,1.4805093016475723,1,230.87368194333442,0,34706.16562481155
R11_2,40,1.243681630349247,1,193.94228516125213,0,34706.16562481155
R11_2,41,1.1512858845967777,1,179.5339015097382,0,34706.16562481155
R11_2,42,2.8068398226116393,0,281.76233817914317,0,34706.16562481155
R11_2,43,1.3118703703549208,1,204.57577828059163,0,34706.16562481155
R11_2,44,1.0741492932241208,1,167.50506194557934,0,34706.16562481155
R11_2,45,1.0973804650678325,1,171.12777892104725,0,34706.16562481155
R11_2,46,1.268878006679369,1,197.87146018804305,0,34706.16562481155
R11_2,47,2.7331673094838322,0,270.27369413961753,0,34706.16562481155
R11_2,48,2.7843189424134103,0,278.2503855516365,0,34706.16562481155
R11_2,49,1.2650449315744794,1,197.27372253003193,0,34706.16562481155
R11_2,50,1.238793537497692,1,193.18002585422624,0,34706.16562481155
R11_2,51,1.5018441387722667,1,234.20068056141668,0,34706.16562481155
R11_2,52,1.3535800635459267,1,211.08007408543224,0,34706.16562481155
R11_2,53,1.3194019614286034,1,205.7502701666861,0,34706.16562481155
R11_2,54,1.0917554769102864,1,170.25060663622898,0,34706.16562481155
R11_2,55,3.7830973621804773,0,278.05988980409063,0,34706.16562481155
R11_2,56,1.1756354019535387,1,183.33101559706148,0,34706.16562481155
R11_2,57,1.09422687689867,1,170.63600186085736,0,34706.16562481155
R11_2,58,2.7582814767596098,0,274.1900493164797,0,34706.16562481155
R11_2,59,1.2707331190153006,1,198.16075024176874,0,34706.16562481155
R11_2,60,1.3153905220173243,1,205.12471800990863,0,34706.16562481155
R11_2,61,1.067937623314851,1,166.53640129523848,0,34706.16562481155
R11_2,62,1.5385216789095288,1,239.9202520134102,0,34706.16562481155
R11_2,63,1.156471836285501,1,180.342609539755,0,34706.16562481155
R11_2,64,1.3008745647137836,1,202.86106961143412,0,34706.16562481155
R11_3,1,2.700522080660704,0,262.91989670991717,0,34174.46562502846
R11_3,2,1.1167732310962535,1,172.66573948522066,0,34174.46562502846
R11_3,3,1.0234398289777005,1,158.23534265376006,0,34174.46562502846
R11_3,4,2.5046843666687657,0,232.6411769448312,0,34174.46562502846
R11_3,5,2.24119775415382,0,191.90317434273484,0,34174.46562502846
R11_3,6,1.1482434666570747,1,177.5313929084761,0,34174.46562502846
R11_3,7,0.9369402190867007,1,144.86152719048016,0,34174.46562502846
R11_3,8,1.2187543432437948,1,188.43316983918345,0,34174.46562502846
R11_3,9,1.0071802184654821,1,155.72142344916222,0,34174.46562502846
R11_3,10,0.977438810848799,1,151.12306632841984,0,34174.46562502846
R11_3,11,1.010376498528089,1,156.21560440304359,0,34174.46562502846
R11_3,12,0.9141491036009377,1,141.33776363717593,0,34174.46562502846
R11_3,13,2.6532813913542483,0,255.61595323619588,0,34174.46562502846
R11_3,14,1.0834823293821998,1,167.51859053632936,0,34174.46562502846
R11_3,15,1.128634341616717,1,174.49960097303696,0,34174.46562502846
R11_3,16,1.072892078339894,1,165.88121825999087,0,34174.46562502846
R11_3,17,2.255072803793041,0,194.04841353690747,0,34174.46562502846
R11_3,18,1.0340907485235817,1,159.88209496513275,0,34174.46562502846
R11_3,19,1.1127624641833833,1,172.045629676326,0,34174.46562502846
R11_3,20,2.3588781940847277,0,210.09789787104768,0,34174.46562502846
R11_3,21,1.0035086665599593,1,155.15376010697818,0,34174.46562502846
R11_3,22,0.9989834879925183,1,154.45411645337543,0,34174.46562502846
R11_3,23,1.0234299434592131,1,158.2338142410866,0,34174.46562502846
R11_3,24,1.0104175913761857,1,156.22195782091356,0,34174.46562502846
R11_3,25,0.9214801489099429,1,142.47122594109968,0,34174.46562502846
R11_3,26,1.0464372400424082,1,161.79100183072265,0,34174.46562502846
R11_3,27,2.3592282634531934,0,210.1520225444318,0,34174.46562502846
R11_3,28,1.2822820923744018,1,198.255276490774,0,34174.46562502846
R11_3,29,2.3709993071169784,0,211.9719586801918,0,34174.46562502846
R11_3,30,1.1989283168279883,1,185.3678425043062,0,34174.46562502846
R11_3,31,1.143371952913391,1,176.7782019297313,0,34174.46562502846
R11_3,32,1.0796095538587451,1,166.91981575287474,0,34174.46562502846
R11_3,33,1.0864751428552992,1,167.98131326023207,0,34174.46562502846
R11_3,34,0.9753706965711473,1,150.80331253136598,0,34174.46562502846
R11_3,35,2.581954433057625,0,244.58800086718324,0,34174.46562502846
R11_3,36,2.376983747811316,0,212.8972207200761,0,34174.46562502846
R11_3,37,1.0151425238026164,1,156.95248567447513,0,34174.46562502846
R11_3,38,2.6046973191943152,0,248.1043076190614,0,34174.46562502846
R11_3,39,2.934860708923331,0,299.15129213761594,0,34174.46562502846
R11_3,40,1.1846974392237968,1,183.16758829276938,0,34174.46562502846
R11_3,41,1.0657974912165429,1,164.7843150589775,0,34174.46562502846
R11_3,42,1.1416863339760468,1,176.5175862270954,0,34174.46562502846
R11_3,43,0.9964940141289205,1,154.06921571111363,0,34174.46562502846
R11_3,44,2.3266801602144014,0,205.11971861908597,0,34174.46562502846
R11_3,45,2.329900399312802,0,205.6176039101743,0,34174.46562502846
R11_3,46,2.855128244857852,0,286.82375375694585,0,34174.46562502846
R11_3,47,1.149939645740087,1,177.7936413287574,0,34174.46562502846
R11_3,48,1.221185117520811,1,188.808994963189,0,34174.46562502846
R11_3,49,2.4464511749745483,0,223.6376685990967,0,34174.46562502846
R11_3,50,0.9737751074088621,1,150.55661644755125,0,34174.46562502846
R11_3,51,0.9194263525728772,1,142.15368585917722,0,34174.46562502846
R11_3,52,1.033162543651514,1,159.73858402113223,0,34174.46562502846
R11_3,53,1.0409791633426515,1,160.9471216021416,0,34174.46562502846
R11_3,54,1.1977314085526878,1,185.1827869830093,0,34174.46562502846
R11_3,55,1.0923978550865598,1,168.89703138338638,0,34174.46562502846
R11_3,56,1.115391315186674,1,172.45207969665324,0,34174.46562502846
R11_3,57,2.6757741553093197,0,259.0935882772483,0,34174.46562502846
R11_3,58,1.1282868616591557,1,174.4458766517888,0,34174.46562502846
R11_3,59,1.0249348828477345,1,158.46649484728658,0,34174.46562502846
R11_3,60,2.303594014491697,0,201.5503400630096,0,34174.46562502846
R11_3,61,2.314285165772862,0,203.20331265449877,0,34174.46562502846
R11_3,62,1.072386363793349,1,165.80302908629272,0,34174.46562502846
R11_3,63,1.2627944248814487,1,195.24226326228631,0,34174.46562502846
R11_3,64,2.611401716632841,0,249.14088309319573,0,34174.46562502846
R11_4,1,2.448614770124479,0,180.70575867025886,0,35462.26250000473
R11_4,2,1.0355814148778109,1,129.1823948641872,0,35462.26250000473
R11_4,3,1.212343628559772,1,151.2323908923848,0,35462.26250000473
R11_4,4,2.9927992873861093,0,248.58942110172836,0,35462.26250000473
R11_4,5,1.17306324292489,1,146.33240503458387,0,35462.26250000473
R11_4,6,1.245696740507654,1,155.392985912439,0,35462.26250000473
R11_4,7,1.0093824717609081,1,125.91423828458014,0,35462.26250000473
R11_4,8,1.5666841589924623,1,195.434186773535,0,35462.26250000473
R11_4,9,1.1323553485099254,1,141.25434626020512,0,35462.26250000473
R11_4,10,1.3556757136581332,1,169.1121845502007,0,35462.26250000473
R11_4,11,1.4808170950520534,1,184.72280010666682,0,35462.26250000473
R11_4,12,1.607794724656845,1,200.56247630292285,0,35462.26250000473
R11_4,13,1.2270181694362634,1,153.06294936584044,0,35462.26250000473
R11_4,14,1.0285071681768052,1,128.29992621655933,0,35462.26250000473
R11_4,15,1.0550790894536135,1,131.61460952138253,0,35462.26250000473
R11_4,16,1.3212213596991518,1,164.8142163808463,0,35462.26250000473
R11_4,17,1.3102853810536352,1,163.45002048922905,0,35462.26250000473
R11_4,18,1.716451915978876,1,214.11679080928374,0,35462.26250000473
R11_4,19,2.9235528591010365,0,239.95135623001383,0,35462.26250000473
R11_4,20,1.2487891153942954,1,155.7787406082405,0,35462.26250000473
R11_4,21,4.674156056639376,0,333.5844759998952,0,35462.26250000473
R11_4,22,1.0799837662715888,1,134.7213143622033,0,35462.26250000473
R11_4,23,3.076121267829585,0,258.9833242984022,0,35462.26250000473
R11_4,24,2.9724113269639147,0,246.04614877577012,0,35462.26250000473
R11_4,25,1.1403979960871915,1,142.25761694482145,0,35462.26250000473
R11_4,26,1.0587836904802082,1,132.0767356524199,0,35462.26250000473
R11_4,27,1.1512596213601292,1,143.6125377117617,0,35462.26250000473
R11_4,28,1.414551154350022,1,176.45653267966142,0,35462.26250000473
R11_4,29,2.5181605805635634,0,189.3811696193357,0,35462.26250000473
R11_4,30,2.6868617366359615,0,210.42559842492724,0,35462.26250000473
R11_4,31,1.214642086941442,1,151.51910940043655,0,35462.26250000473
R11_4,32,1.168544165042018,1,145.76867793877057,0,35462.26250000473
R11_4,33,1.2981252722453043,1,161.93312190926102,0,35462.26250000473
R11_4,34,1.0385518141302228,1,129.55293385186764,0,35462.26250000473
R11_4,35,1.3109924548327037,1,163.53822358249934,0,35462.26250000473
R11_4,36,1.0906755710144473,1,136.05505106533442,0,35462.26250000473
R11_4,37,2.6865004942073583,0,210.38053565981446,0,35462.26250000473
R11_4,38,2.3939868747890003,0,173.89126562853116,0,35462.26250000473
R11_4,39,1.1910353748787266,1,148.5743176580219,0,35462.26250000473
R11_4,40,1.3967206469098037,0,49.488454044846975,0,35462.26250000473
R11_4,41,1.223050133459445,1,152.56796134941976,0,35462.26250000473
R11_4,42,1.3662861266038817,1,170.4357681286017,0,35462.26250000473
R11_4,43,1.1473438519239991,1,143.1240696239537,0,35462.26250000473
R11_4,44,1.420353872722778,1,177.18038601011483,0,35462.26250000473
R11_4,45,1.0332949478494378,1,128.89717220350633,0,35462.26250000473
R11_4,46,1.417767266803942,1,176.857722873867,0,35462.26250000473
R11_4,47,1.2695972441275316,1,158.37442633973725,0,35462.26250000473
R11_4,48,1.0609780910490798,1,132.3504735900706,0,35462.26250000473
R11_4,49,1.2438107150239013,1,155.15771586484473,0,35462.26250000473
R11_4,50,2.4869256364543233,0,185.48480297397967,0,35462.26250000473
R11_4,51,2.572805751860244,0,196.19781773067902,0,35462.26250000473
R11_4,52,1.1344240762922446,1,141.51240729278354,0,35462.26250000473
R11_4,53,2.8253048126726803,0,227.69551835381816,0,35462.26250000473
R11_4,54,1.4689105998811165,1,183.23753826387707,0,35462.26250000473
R11_4,55,2.5775649214431127,0,196.79149478537187,0,35462.26250000473
R11_4,56,2.778402183346408,0,221.84470460344755,0,35462.26250000473
R11_4,57,1.2836862863937313,1,160.1319474724483,0,35462.26250000473
R11_4,58,1.5186551423494627,1,189.44286315206267,0,35462.26250000473
R11_4,59,0.9723623693250545,1,121.2962088162304,0,35462.26250000473
R11_4,60,0.9652738818267395,1,120.4119637169638,0,35462.26250000473
R11_4,61,2.9190919150833494,0,239.39488097535798,0,35462.26250000473
R11_4,62,1.1756075906462016,1,146.6497967213064,0,35462.26250000473
R11_4,63,2.9676756969525258,0,245.4554081374459,0,35462.26250000473
R11_4,64,1.1684173807870266,1,145.75286238486507,0,35462.26250000473
R11_5,1,0.8842249973938721,1,159.13257245990556,0,33481.70625008606
R11_5,2,0.9163732532894713,1,164.9182431611908,0,33481.70625008606
R11_5,3,1.0358069932889684,1,186.4125442052061,0,33481.70625008606
R11_5,4,2.3831889445144014,0,248.93032382868947,0,33481.70625008606
R11_5,5,2.1994906938910574,0,215.8704405815119,0,33481.70625008606
R11_5,6,0.9163273471351552,1,164.9099815032986,0,33481.70625008606
R11_5,7,0.8775320717973045,1,157.92805723967956,0,33481.70625008606
R11_5,8,1.0882585861238354,1,195.8521743016556,0,33481.70625008606
R11_5,9,0.8909416086945221,1,160.34135035878424,0,33481.70625008606
R11_5,10,2.121545874191007,0,201.8428348190069,0,33481.70625008606
R11_5,11,1.0443019284766457,1,187.94136423775342,0,33481.70625008606
R11_5,12,1.0675166776947478,1,192.11928589002193,0,33481.70625008606
R11_5,13,0.8904737049912086,1,160.25714247030405,0,33481.70625008606
R11_5,14,2.4081939664350145,0,253.43043802402536,0,33481.70625008606
R11_5,15,2.3205276573343383,0,237.65327120972685,0,33481.70625008606
R11_5,16,2.4846163990688517,0,267.18406219718213,0,33481.70625008606
R11_5,17,1.151654846996685,1,207.2614989721523,0,33481.70625008606
R11_5,18,1.0000229821470228,1,179.97255239007373,0,33481.70625008606
R11_5,19,1.0789085061669148,1,194.16945521925447,0,33481.70625008606
R11_5,20,0.8970966915654657,1,161.44907087544402,0,33481.70625008606
R11_5,21,0.885429042917572,1,159.34926262599436,0,33481.70625008606
R11_5,22,2.2415134843141153,0,223.43321562369437,0,33481.70625008606
R11_5,23,2.5003333608958656,0,270.01261892670095,0,33481.70625008606
R11_5,24,1.0255135682212568,1,184.56005279716425,0,33481.70625008606
R11_5,25,0.8161888923205822,1,146.88822237664047,0,33481.70625008606
R11_5,26,1.001527700786525,1,180.24335422064684,0,33481.70625008606
R11_5,27,2.352366183602797,0,243.38320036052517,0,33481.70625008606
R11_5,28,2.545570159392817,0,278.15381391201316,0,33481.70625008606
R11_5,29,0.8555139723208782,1,153.96549474632297,0,33481.70625008606
R11_5,30,1.0206766599036072,1,183.68956206730604,0,33481.70625008606
R11_5,31,0.9561579641345794,1,172.0782345661112,0,33481.70625008606
R11_5,32,2.385794142137513,0,249.39917711914606,0,33481.70625008606
R11_5,33,0.9886699798162795,1,177.92937054002573,0,33481.70625008606
R11_5,34,0.9619484583609719,1,173.12034064179957,0,33481.70625008606
R11_5,35,2.526500389319459,0,274.72185759214415,0,33481.70625008606
R11_5,36,2.5116146656237532,0,272.04289747270946,0,33481.70625008606
R11_5,37,2.5409223650221193,0,277.31735771969323,0,33481.70625008606
R11_5,38,2.592055488899291,0,286.51970504584534,0,33481.70625008606
R11_5,39,2.1406945568866362,0,205.2889929185357,0,33481.70625008606
R11_5,40,2.254037978377319,0,225.68722898557706,0,33481.70625008606
R11_5,41,0.9222133877648773,1,165.96928291388096,0,33481.70625008606
R11_5,42,0.985837173323791,1,177.4195548418041,0,33481.70625008606
R11_5,43,2.2967816156369985,0,233.37973369136293,0,33481.70625008606
R11_5,44,0.9181936401378294,1,165.24585529939677,0,33481.70625008606
R11_5,45,2.1996107598905823,0,215.89204866930058,0,33481.70625008606
R11_5,46,2.4662251052197988,0,263.87421016891756,0,33481.70625008606
R11_5,47,0.922778893533696,1,166.07105609151975,0,33481.70625008606
R11_5,48,0.8922711907149612,1,160.58063312938248,0,33481.70625008606
R11_5,49,2.1034846886145218,0,198.59239185377427,0,33481.70625008606
R11_5,50,2.306426776217375,0,235.11555796625672,0,33481.70625008606
R11_5,51,2.167763330039058,0,210.1605171547579,0,33481.70625008606
R11_5,52,2.196673359805189,0,215.36340942780674,0,33481.70625008606
R11_5,53,2.2080963557827253,0,217.41918792362117,0,33481.70625008606
R11_5,54,1.0953182068068266,1,197.12268305586028,0,33481.70625008606
R11_5,55,1.0255135682212568,1,184.56005279716425,0,33481.70625008606
R11_5,56,0.915588130214207,1,164.7769458047117,0,33481.70625008606
R11_5,57,0.975305644069735,1,175.52421220042484,0,33481.70625008606
R11_5,58,2.3899575933075603,0,250.14846683268425,0,33481.70625008606
R11_5,59,0.9864927623159687,1,177.5375401544895,0,33481.70625008606
R11_5,60,2.18276194801577,0,212.85979467915809,0,33481.70625008606
R11_5,61,1.0512985106327548,1,189.20052804810823,0,33481.70625008606
R11_5,62,2.096556755992392,0,197.34558279133228,0,33481.70625008606
R11_5,63,2.1543691215752077,0,207.7499826695326,0,33481.70625008606
R11_5,64,2.4126002569115172,0,254.22343114296947,0,33481.70625008606
R11_6,1,3.1707491996809765,0,414.26473487679425,0,33741.36718753107
R11_6,2,1.2677862505780375,1,241.94371927136538,0,33741.36718753107
R11_6,3,0.947019814260841,1,180.7288065961264,0,33741.36718753107
R11_6,4,2.604090299329606,0,306.1238224424441,0,33741.36718753107
R11_6,5,0.9030430912716696,1,172.33630989842527,0,33741.36718753107
R11_6,6,1.4278925756522014,1,272.4983334657158,0,33741.36718753107
R11_6,7,2.24488302050732,0,237.57287784276429,0,33741.36718753107
R11_6,8,2.919377607615374,0,366.2931009552341,0,33741.36718753107
R11_6,9,0.9780390400441838,1,186.64850074923604,0,33741.36718753107
R11_6,10,1.0010001935208912,1,191.0303962528215,0,33741.36718753107
R11_6,11,0.9016203866919739,1,172.06480163961635,0,33741.36718753107
R11_6,12,0.8220419589319832,1,156.8780926993344,0,33741.36718753107
R11_6,13,1.2292407238593057,1,234.5877094618641,0,33741.36718753107
R11_6,14,0.9774003980841108,1,186.52662262425105,0,33741.36718753107
R11_6,15,1.3980373977696416,1,266.8007856550175,0,33741.36718753107
R11_6,16,2.4167154813932754,0,270.3653021645656,0,33741.36718753107
R11_6,17,1.2734869391954753,1,243.0316359496562,0,33741.36718753107
R11_6,18,1.3072664863425025,1,249.47810850631024,0,33741.36718753107
R11_6,19,1.405673155919672,1,268.25799007368977,0,33741.36718753107
R11_6,20,1.1309943425116131,1,215.83841722322694,0,33741.36718753107
R11_6,21,2.272264590777951,0,242.79836356462584,0,33741.36718753107
R11_6,22,1.1021955528191718,1,210.34247002745437,0,33741.36718753107
R11_6,23,1.019365061764855,1,194.53513888971884,0,33741.36718753107
R11_6,24,1.3158397751869693,1,251.11423083250844,0,33741.36718753107
R11_6,25,1.1995578596354441,1,228.92304590704578,0,33741.36718753107
R11_6,26,1.1712055419927019,1,223.51230322284331,0,33741.36718753107
R11_6,27,2.351942831883658,0,258.00412083587463,0,33741.36718753107
R11_6,28,1.102447847479361,1,210.390617819253,0,33741.36718753107
R11_6,29,1.0172643553683578,1,194.1342410897674,0,33741.36718753107
R11_6,30,1.16094409209542,1,221.55401305197782,0,33741.36718753107
R11_6,31,2.5903296916379475,0,303.49775467839004,0,33741.36718753107
R11_6,32,1.5048981501082643,1,287.1940403169566,0,33741.36718753107
R11_6,33,1.0544068975860483,1,201.22250601080174,0,33741.36718753107
R11_6,34,1.3184698864036157,1,251.6161599941177,0,33741.36718753107
R11_6,35,0.9936991367786412,1,189.63706609008605,0,33741.36718753107
R11_6,36,1.1339637779930278,1,216.4051028645808,0,33741.36718753107
R11_6,37,2.8521544028876775,0,353.46425684547717,0,33741.36718753107
R11_6,38,2.4694262292991205,0,280.42459598329845,0,33741.36718753107
R11_6,39,1.4243725929732065,1,271.8265816615462,0,33741.36718753107
R11_6,40,1.0529172686072634,1,200.93822593180778,0,33741.36718753107
R11_6,41,1.2620434086840895,1,240.8477580820279,0,33741.36718753107
R11_6,42,2.4367333430480613,0,274.1855012702188,0,33741.36718753107
R11_6,43,1.5099912805483164,1,288.1660108844224,0,33741.36718753107
R11_6,44,2.553265614060088,0,296.4244639115434,0,33741.36718753107
R11_6,45,3.1019350858494903,0,401.1322824376214,0,33741.36718753107
R11_6,46,1.2198548988565499,1,232.79652312539608,0,33741.36718753107
R11_6,47,2.4486355347426922,0,276.45690981780945,0,33741.36718753107
R11_6,48,2.4697451511540045,0,280.4854588769397,0,33741.36718753107
R11_6,49,0.8561774125025998,1,163.39248626696073,0,33741.36718753107
R11_6,50,1.2057919383472857,1,230.11275449482017,0,33741.36718753107
R11_6,51,2.3375107109937403,0,255.24990181552383,0,33741.36718753107
R11_6,52,2.734425200844484,0,330.99687246093066,0,33741.36718753107
R11_6,53,1.2564090148289502,1,239.77249306434078,0,33741.36718753107
R11_6,54,1.208571704995677,1,230.64324382715895,0,33741.36718753107
R11_6,55,1.4617576077391092,1,278.961119927247,0,33741.36718753107
R11_6,56,1.4917000122083763,1,284.6753140178663,0,33741.36718753107
R11_6,57,1.3381037573446761,1,255.363078496356,0,33741.36718753107
R11_6,58,1.3199773025098018,1,251.9038345599637,0,33741.36718753107
R11_6,59,1.049451890461878,1,200.27689483061133,0,33741.36718753107
R11_6,60,1.440242921157811,1,274.8552674713903,0,33741.36718753107
R11_6,61,1.2156192676894904,1,231.98819730741735,0,33741.36718753107
R11_6,62,1.2817084432407313,1,244.60062383369927,0,33741.36718753107
R11_6,63,1.6308331587761842,1,311.2274168973507,0,33741.36718753107
R11_6,64,0.9006328757387969,1,171.8763455235133,0,33741.36718753107
R11_7,1,1.243329997386489,1,168.143125529772,0,35535.048437395744
R11_7,2,2.4308225516109623,0,193.49889121316264,0,35535.048437395744
R11_7,3,1.0190595420331583,1,137.81365917219932,0,35535.048437395744
R11_7,4,1.2244624058914972,1,165.59154565004866,0,35535.048437395744
R11_7,5,2.6273176572963948,0,220.0721270320531,0,35535.048437395744
R11_7,6,1.2274358959069929,1,165.99366890452544,0,35535.048437395744
R11_7,7,1.467859466762743,1,198.5076199389975,0,35535.048437395744
R11_7,8,1.2916954122831648,1,174.6838766138487,0,35535.048437395744
R11_7,9,1.5270108219337999,1,206.50701974330502,0,35535.048437395744
R11_7,10,1.0969410032424634,1,148.3460458564137,0,35535.048437395744
R11_7,11,1.3453270566545008,1,181.93681214251245,0,35535.048437395744
R11_7,12,2.763429644629653,0,238.479384172467,0,35535.048437395744
R11_7,13,1.0071559607517386,1,136.2038650179018,0,35535.048437395744
R11_7,14,1.0981684555344202,1,148.51204174265666,0,35535.048437395744
R11_7,15,1.4607587524893901,1,197.54734688685096,0,35535.048437395744
R11_7,16,1.15602551986224,1,156.3364066743366,0,35535.048437395744
R11_7,17,1.0128100205628137,1,136.96849813265365,0,35535.048437395744
R11_7,18,1.380030375914977,1,186.62995441285037,0,35535.048437395744
R11_7,19,1.1667500239594055,1,157.7867470042937,0,35535.048437395744
R11_7,20,1.2549244064566842,1,169.7111084336114,0,35535.048437395744
R11_7,21,1.3835647838129788,1,187.10793402575783,0,35535.048437395744
R11_7,22,1.0569354092611007,1,142.9358445222224,0,35535.048437395744
R11_7,23,1.1608280698184643,1,156.98588489962665,0,35535.048437395744
R11_7,24,1.3878647431625026,1,187.68944384712432,0,35535.048437395744
R11_7,25,1.0581997584501366,1,143.10683020168963,0,35535.048437395744
R11_7,26,1.113186497620827,1,150.54302349412583,0,35535.048437395744
R11_7,27,2.7928705896166974,0,242.46086336067648,0,35535.048437395744
R11_7,28,3.0249327779417996,0,273.84405345846426,0,35535.048437395744
R11_7,29,3.0519998610097545,0,277.5045007697868,0,35535.048437395744
R11_7,30,1.2974294785253448,1,175.45932948797017,0,35535.048437395744
R11_7,31,1.0333411434110786,1,139.7450475391667,0,35535.048437395744
R11_7,32,2.720817530558815,0,232.71668717298706,0,35535.048437395744
R11_7,33,1.0645011183670228,1,143.9590016716453,0,35535.048437395744
R11_7,34,2.7388577870187376,0,235.1563814720921,0,35535.048437395744
R11_7,35,1.340999442998779,1,181.35156246005624,0,35535.048437395744
R11_7,36,1.080288441640029,1,146.09401802647645,0,35535.048437395744
R11_7,37,2.6610589188160283,0,224.63516434568194,0,35535.048437395744
R11_7,38,1.3173785045230062,1,178.15715837456725,0,35535.048437395744
R11_7,39,2.6194700711099053,0,219.010849919754,0,35535.048437395744
R11_7,40,1.2086223890384602,1,163.44940321987207,0,35535.048437395744
R11_7,41,1.1849233645516222,1,160.24443908516892,0,35535.048437395744
R11_7,42,3.03215971372709,0,274.8213962182263,0,35535.048437395744
R11_7,43,2.997987371388483,0,270.2000612069541,0,35535.048437395744
R11_7,44,1.1475119641537646,1,155.1850664274163,0,35535.048437395744
R11_7,45,1.1221129340714278,1,151.7502001309011,0,35535.048437395744
R11_7,46,2.5172023954802683,0,205.18056620008426,0,35535.048437395744
R11_7,47,1.202514977930516,1,162.62346063444085,0,35535.048437395744
R11_7,48,0.9836714717799993,1,133.02791383400225,0,35535.048437395744
R11_7,49,1.2485928506605077,1,168.85485339008065,0,35535.048437395744
R11_7,50,1.1846026252601654,1,160.20106354765386,0,35535.048437395744
R11_7,51,1.4094348523231233,1,190.60650173192465,0,35535.048437395744
R11_7,52,1.3739470011881885,1,185.80726241436145,0,35535.048437395744
R11_7,53,4.531511085855875,0,342.35173862435033,0,35535.048437395744
R11_7,54,1.2123433006140054,1,163.95260486661667,0,35535.048437395744
R11_7,55,1.0671035774382247,1,144.31094814057627,0,35535.048437395744
R11_7,56,1.0926220762911747,1,147.76197093016668,0,35535.048437395744
R11_7,57,2.912285713880607,0,258.6101015126278,0,35535.048437395744
R11_7,58,1.0233420337270402,1,138.39280673558036,0,35535.048437395744
R11_7,59,2.2861650687773505,0,173.93597441228076,0,35535.048437395744
R11_7,60,1.3885030183658849,1,187.7757617095347,0,35535.048437395744
R11_7,61,1.2265653671898775,1,165.87594197791137,0,35535.048437395744
R11_7,62,1.1472279589026968,1,155.14665865901836,0,35535.048437395744
R11_7,63,1.121991963553615,1,151.73384054735962,0,35535.048437395744
R11_7,64,2.3740532923745548,0,185.82163682206456,0,35535.048437395744
R11_8,1,2.884496216838631,0,240.78879532169563,0,34549.13593736819
R11_8,2,1.2914064079833807,1,165.00759750565376,0,34549.13593736819
R11_8,3,1.055695919832349,1,134.89002869366132,0,34549.13593736819
R11_8,4,1.5000468814972692,1,191.6663341079669,0,34549.13593736819
R11_8,5,2.4955695256567374,0,191.09424640121784,0,34549.13593736819
R11_8,6,1.2201920760461107,1,155.90828860622725,0,34549.13593736819
R11_8,7,1.4877708578932527,1,190.09778283758544,0,34549.13593736819
R11_8,8,1.5409209911053203,1,196.88896471047394,0,34549.13593736819
R11_8,9,3.3679580730205387,0,302.5624390647014,0,34549.13593736819
R11_8,10,1.3763223139634029,1,175.85760533367701,0,34549.13593736819
R11_8,11,2.5620371119965277,0,199.58704670492338,0,34549.13593736819
R11_8,12,1.181430151814176,1,150.9555394540877,0,34549.13593736819
R11_8,13,1.3154981109400659,1,168.08588022140222,0,34549.13593736819
R11_8,14,0.9957625914410855,1,127.23213380695238,0,34549.13593736819
R11_8,15,3.0665275054245313,0,264.0475815680186,0,34549.13593736819
R11_8,16,1.3058468237189373,1,166.85270086953432,0,34549.13593736819
R11_8,17,3.1235229193595373,0,271.3300886580539,0,34549.13593736819
R11_8,18,0.8744774610797705,1,111.73510061092516,1,34549.13593736819
R11_8,19,1.795319766005644,1,229.3944024992139,0,34549.13593736819
R11_8,20,2.615039092309356,0,206.35929855406755,0,34549.13593736819
R11_8,21,3.059364637329601,0,263.1323563931332,0,34549.13593736819
R11_8,22,1.0044075211563204,1,128.33672727504856,0,34549.13593736819
R11_8,23,1.0455159943894863,1,133.5893033528789,0,34549.13593736819
R11_8,24,1.2696738959425673,1,162.23075701806658,0,34549.13593736819
R11_8,25,1.518088395922078,1,193.97156268062838,0,34549.13593736819
R11_8,26,1.4355932103915947,1,183.43085892848856,0,34549.13593736819
R11_8,27,2.7596071853675106,0,224.83127884162943,0,34549.13593736819
R11_8,28,1.540570745516444,1,196.8442125837994,0,34549.13593736819
R11_8,29,1.5865886300519918,1,202.72408163397816,0,34549.13593736819
R11_8,30,1.120817727194538,1,143.21087402293418,0,34549.13593736819
R11_8,31,2.565543352084333,0,200.0350514922546,0,34549.13593736819
R11_8,32,2.5097628312055527,0,192.90777561618566,0,34549.13593736819
R11_8,33,2.8205636639926652,0,232.61990527879198,0,34549.13593736819
R11_8,34,1.2175803137716024,1,155.57457443576328,0,34549.13593736819
R11_8,35,1.319868549608234,1,168.64430674013556,0,34549.13593736819
R11_8,36,1.4953845672107846,1,191.0706136016466,0,34549.13593736819
R11_8,37,2.1786439766978916,0,150.59953993346716,0,34549.13593736819
R11_8,38,2.405842239178341,0,179.62947134591872,0,34549.13593736819
R11_8,39,2.4140433033454514,0,180.6773505316182,0,34549.13593736819
R11_8,40,2.188631121738098,0,151.87563303540392,0,34549.13593736819
R11_8,41,1.1860953313540037,1,151.55162606403513,0,34549.13593736819
R11_8,42,1.0311247460666024,1,131.75048228447915,0,34549.13593736819
R11_8,43,1.0277652780237432,1,131.3212310842196,0,34549.13593736819
R11_8,44,1.195155452653804,1,152.70927004005088,0,34549.13593736819
R11_8,45,0.9977657950311425,1,127.4880902662563,0,34549.13593736819
R11_8,46,2.204641829064755,0,153.92137815019228,0,34549.13593736819
R11_8,47,0.9444518312253933,1,120.6759751747513,0,34549.13593736819
R11_8,48,1.1013053715774497,1,140.71771083112358,0,34549.13593736819
R11_8,49,2.4170136562079527,0,181.05688309902277,0,34549.13593736819
R11_8,50,1.2679302608873115,1,162.0079665551917,0,34549.13593736819
R11_8,51,0.9849337225560326,1,125.84849065063788,0,34549.13593736819
R11_8,52,1.316114405600537,1,168.16462638577846,0,34549.13593736819
R11_8,53,1.0235824283687442,1,130.78677348200273,0,34549.13593736819
R11_8,54,1.3046855613381396,1,166.70432223803252,0,34549.13593736819
R11_8,55,0.9323810135621109,1,119.13364379848254,0,34549.13593736819
R11_8,56,1.2315935711467567,1,157.365098254143,0,34549.13593736819
R11_8,57,1.0343533992280882,1,132.16301880130453,0,34549.13593736819
R11_8,58,1.2639566585547648,1,161.5002452288278,0,34549.13593736819
R11_8,59,1.3201180137169608,1,168.67618165804706,0,34549.13593736819
R11_8,60,1.4255890174917063,1,182.15258756078498,0,34549.13593736819
R11_8,61,2.7727415489075042,0,226.50950326354803,0,34549.13593736819
R11_8,62,2.412584600929364,0,180.49096692714966,0,34549.13593736819
R11_8,63,0.9845937156228679,1,125.80504675348064,0,34549.13593736819
R11_8,64,2.267105892397467,0,161.9026340563538,0,34549.13593736819
R11_9,1,2.911198749459679,0,339.0458651760104,0,31706.28593738911
R11_9,2,0.8527083172172887,1,151.27010167595105,0,31706.28593738911
R11_9,3,1.0052045619276733,1,178.32287221514417,0,31706.28593738911
R11_9,4,0.8853681563688767,1,157.06394359050324,0,31706.28593738911
R11_9,5,0.9552920314416795,1,169.46841001620598,0,31706.28593738911
R11_9,6,2.2020441119022642,0,213.2421267096643,0,31706.28593738911
R11_9,7,0.9471699402176874,1,168.02755440301846,0,31706.28593738911
R11_9,8,1.999003580268706,0,177.2228206417012,0,31706.28593738911
R11_9,9,1.004061350226074,1,178.12006693361167,0,31706.28593738911
R11_9,10,1.372823275485466,1,243.5382794711037,0,31706.28593738911
R11_9,11,1.1304284980212316,1,200.53754652130368,0,31706.28593738911
R11_9,12,0.9938737029813147,1,176.31278253936276,0,31706.28593738911
R11_9,13,1.204891731964917,1,213.74729332726898,0,31706.28593738911
R11_9,14,1.288687165685289,1,228.6125685015835,0,31706.28593738911
R11_9,15,1.2393733045909698,1,219.8643100043341,0,31706.28593738911
R11_9,16,1.0317231318124769,1,183.02725550985144,0,31706.28593738911
R11_9,17,1.2358303908645816,1,219.23579857926816,0,31706.28593738911
R11_9,18,1.081780046755732,1,191.907331451601,0,31706.28593738911
R11_9,19,1.0244657474911598,1,181.7397985424213,0,31706.28593738911
R11_9,20,2.1348786180863577,0,201.32699597445148,0,31706.28593738911
R11_9,21,1.1592263168242773,1,205.64626762842107,0,31706.28593738911
R11_9,22,0.8665004535143446,1,153.7168209325344,0,31706.28593738911
R11_9,23,2.0911364630672047,0,193.56715582317193,0,31706.28593738911
R11_9,24,1.1011725445640508,1,195.34755251662827,0,31706.28593738911
R11_9,25,1.2451413482754141,1,220.8875585607269,0,31706.28593738911
R11_9,26,2.1695933148346995,0,207.4853687740851,0,31706.28593738911
R11_9,27,0.8455936585598138,1,150.00796418206778,0,31706.28593738911
R11_9,28,1.233352915077898,1,218.796295402643,0,31706.28593738911
R11_9,29,0.8784187931142604,1,155.8311294325046,0,31706.28593738911
R11_9,30,0.9088089995315762,1,161.2223394416935,0,31706.28593738911
R11_9,31,2.133007630703439,0,200.99508358901514,0,31706.28593738911
R11_9,32,2.628301494285381,0,288.86000948538504,0,31706.28593738911
R11_9,33,1.0661771569777976,1,189.13938527881194,0,31706.28593738911
R11_9,34,1.0491631817703393,1,186.12111313630157,0,31706.28593738911
R11_9,35,0.9748607033947714,1,172.9398843014203,0,31706.28593738911
R11_9,36,2.4932871452529533,0,264.9085199860248,0,31706.28593738911
R11_9,37,2.3393266588050103,0,237.59599357011916,0,31706.28593738911
R11_9,38,0.9600101677828725,1,170.30540544552545,0,31706.28593738911
R11_9,39,1.02715149286783,1,182.21624865789633,0,31706.28593738911
R11_9,40,0.952487909704864,1,168.97095998355772,0,31706.28593738911
R11_9,41,1.4029726649426912,1,248.88676865149105,0,31706.28593738911
R11_9,42,0.8957175427186783,1,158.89992043488027,0,31706.28593738911
R11_9,43,0.9635353013484753,1,170.9307626774451,0,31706.28593738911
R11_9,44,0.9412169020916785,1,166.97148790944783,0,31706.28593738911
R11_9,45,3.0741214791346536,0,367.94828982185504,0,31706.28593738911
R11_9,46,1.0926929584434895,1,193.8432774571176,0,31706.28593738911
R11_9,47,3.0586106926467735,0,365.1966827345076,0,31706.28593738911
R11_9,48,1.1013356041747144,1,195.37647922390485,0,31706.28593738911
R11_9,49,2.8818627306120277,0,333.8416676042864,0,31706.28593738911
R11_9,50,1.012721230194817,1,179.65632604698396,0,31706.28593738911
R11_9,51,1.0124183272122451,1,179.60259118355341,0,31706.28593738911
R11_9,52,1.0496810929813094,1,186.21299037023988,0,31706.28593738911
R11_9,53,1.3561565356575045,1,240.58160674084405,0,31706.28593738911
R11_9,54,1.082458548040826,1,192.02769729805834,0,31706.28593738911
R11_9,55,1.6168561025057997,1,286.8296017325108,0,31706.28593738911
R11_9,56,2.8091231345084253,0,320.937693435995,0,31706.28593738911
R11_9,57,1.0796018788645263,1,191.52092537144694,0,31706.28593738911
R11_9,58,2.5847784996184693,0,281.13904828966173,0,31706.28593738911
R11_9,59,1.0994930806881555,1,195.04961632187258,0,31706.28593738911
R11_9,60,1.6337524577283276,1,289.82700813849726,0,31706.28593738911
R11_9,61,2.873919634490349,0,332.4325656479819,0,31706.28593738911
R11_9,62,0.967616600270091,1,171.65478341276233,0,31706.28593738911
R11_9,63,1.2522641582405676,1,222.15114209321018,0,31706.28593738911
R11_9,64,1.25713682079477,1,223.01555040860228,0,31706.28593738911
R12_0,1,3.3822314892126997,0,420.32841430160914,0,47810.40312491314
R12_0,2,1.2391060191598022,1,218.6317620867102,0,47810.40312491314
R12_0,3,1.1416856018766381,1,201.44259734656742,0,47810.40312491314
R12_0,4,1.2682973938650726,1,223.78238002485384,0,47810.40312491314
R12_0,5,1.2155223832171238,1,214.4705912080024,0,47810.40312491314
R12_0,6,1.0500436026086533,1,185.27299484984675,0,47810.40312491314
R12_0,7,1.6262675547264074,1,286.94376075694356,0,47810.40312491314
R12_0,8,1.6155779569771553,1,285.0576545192377,0,47810.40312491314
R12_0,9,1.168439100344436,1,206.16306873606527,0,47810.40312491314
R12_0,10,3.148000019297271,0,378.9998772660991,0,47810.40312491314
R12_0,11,1.491928092870328,1,263.2404837094397,0,47810.40312491314
R12_0,12,0.9206686879716557,1,162.44567812348262,0,47810.40312491314
R12_0,13,1.1032308151529548,1,194.65751386535797,0,47810.40312491314
R12_0,14,1.403854215025511,1,247.7004517757093,0,47810.40312491314
R12_0,15,1.2109881449277573,1,213.6705559474226,0,47810.40312491314
R12_0,16,2.195947781331519,1,387.45993115944606,0,47810.40312491314
R12_0,17,1.3708150037690814,1,241.87090945789637,0,47810.40312491314
R12_0,18,1.3725082903892059,1,242.16967827327736,0,47810.40312491314
R12_0,19,3.4863329023142526,0,438.69639495070936,0,47810.40312491314
R12_0,20,2.4483068578050684,0,255.54381583820955,0,47810.40312491314
R12_0,21,1.0638237481978088,1,187.7044070658984,0,47810.40312491314
R12_0,22,1.2271241376450384,1,216.51764123814615,0,47810.40312491314
R12_0,23,1.3382660756873968,1,236.12787424501172,0,47810.40312491314
R12_0,24,2.4919847280217233,0,263.2504765936278,0,47810.40312491314
R12_0,25,1.193193243097621,1,210.53076751679146,0,47810.40312491314
R12_0,26,1.25182888577665,1,220.87662467653297,0,47810.40312491314
R12_0,27,1.305047590029691,1,230.26670018815332,0,47810.40312491314
R12_0,28,1.7878083860748042,1,315.4465329657343,0,47810.40312491314
R12_0,29,0.9665147093813253,1,170.53489429261828,0,47810.40312491314
R12_0,30,3.7630420873782953,0,487.51983360783964,0,47810.40312491314
R12_0,31,1.4042133746922865,1,247.76382303660455,0,47810.40312491314
R12_0,32,1.15785383493035,1,204.29537122362234,0,47810.40312491314
R12_0,33,1.2021621351083027,1,212.11326702364633,0,47810.40312491314
R12_0,34,1.3196810457797064,1,232.84867313201295,0,47810.40312491314
R12_0,35,1.336439264101692,1,235.80554586486744,0,47810.40312491314
R12_0,36,1.3960896791782105,1,246.33045265712462,0,47810.40312491314
R12_0,37,3.0619456999929326,0,363.81618259125867,0,47810.40312491314
R12_0,38,1.309138886828297,1,230.98858145938235,0,47810.40312491314
R12_0,39,1.5012673285819993,1,264.88832782335254,0,47810.40312491314
R12_0,40,3.041989816894997,0,360.29510383106026,0,47810.40312491314
R12_0,41,0.9634823826796826,1,169.99986103497025,0,47810.40312491314
R12_0,42,2.377940978626519,1,419.57138312332256,0,47810.40312491314
R12_0,43,1.3399666402283863,1,236.4279271996335,0,47810.40312491314
R12_0,44,1.1617791333471352,1,204.98796321842244,0,47810.40312491314
R12_0,45,2.7900650074610382,0,315.8446983385155,0,47810.40312491314
R12_0,46,1.1414069578004629,1,201.39343250963796,0,47810.40312491314
R12_0,47,1.8549016121959845,1,327.28467274081277,0,47810.40312491314
R12_0,48,1.1550272544891698,1,203.79664048308953,0,47810.40312491314
R12_0,49,3.346021722031729,0,413.9394491274329,0,47810.40312491314
R12_0,50,1.249309382428585,1,220.43207558383773,0,47810.40312491314
R12_0,51,3.775935393440939,0,489.79476906938316,0,47810.40312491314
R12_0,52,2.7694006316849666,0,312.1986109025044,0,47810.40312491314
R12_0,53,1.1886406591591019,1,209.72749529219095,0,47810.40312491314
R12_0,54,1.4257776269256368,1,251.56868750417925,0,47810.40312491314
R12_0,55,1.544475371350451,1,272.5120907465525,0,47810.40312491314
R12_0,56,1.414616618731177,1,249.59940412528545,0,47810.40312491314
R12_0,57,2.652528564349165,0,291.57733586611386,0,47810.40312491314
R12_0,58,2.538697033575275,0,271.49254266092856,0,47810.40312491314
R12_0,59,1.8150256613460627,1,320.24883459266715,0,47810.40312491314
R12_0,60,1.6925436202863509,1,298.6377181532367,0,47810.40312491314
R12_0,61,2.888078858983306,0,333.1385704817157,0,47810.40312491314
R12_0,62,2.9296620589226166,0,340.47564102722,0,47810.40312491314
R12_0,63,3.292760003389965,0,404.54178402181805,0,47810.40312491314
R12_0,64,0.9841836849924555,1,173.65246390522384,0,47810.40312491314
R12_1,1,1.2043689527953276,1,181.80786660647894,0,46491.206250038886
R12_1,2,2.9668707958348293,0,296.9128209850881,0,46491.206250038886
R12_1,3,1.4821466907004996,1,223.74034734844582,0,46491.206250038886
R12_1,4,1.2506382277610726,1,188.79253534227325,0,46491.206250038886
R12_1,5,1.2222892175059492,1,184.51305515231383,0,46491.206250038886
R12_1,6,1.544590554918706,1,233.1666827831374,0,46491.206250038886
R12_1,7,2.587292379698063,0,239.6128201111714,0,46491.206250038886
R12_1,8,1.2443435359287989,1,187.8423078473561,0,46491.206250038886
R12_1,9,1.2502820081704122,1,188.73876151850328,0,46491.206250038886
R12_1,10,2.471872543251628,0,222.18939336167648,0,46491.206250038886
R12_1,11,2.5565694813957265,0,234.97498501640922,0,46491.206250038886
R12_1,12,2.6985189646875014,0,256.40324640032384,0,46491.206250038886
R12_1,13,2.572387238820493,0,237.36278547010056,0,46491.206250038886
R12_1,14,1.7141249168619908,1,258.7590733789429,0,46491.206250038886
R12_1,15,1.07892270207347,1,162.87088291507175,0,46491.206250038886
R12_1,16,2.9347580377900826,0,292.06517689943337,0,46491.206250038886
R12_1,17,1.069663831272731,1,161.47319199688548,0,46491.206250038886
R12_1,18,1.3676840034027151,1,206.46140891736601,0,46491.206250038886
R12_1,19,1.3661743776027713,1,206.23352040743316,0,46491.206250038886
R12_1,20,2.7117836807204725,0,258.40564750631205,0,46491.206250038886
R12_1,21,2.9601502196274083,0,295.89830328285075,0,46491.206250038886
R12_1,22,1.7179110854525028,1,259.3306218504109,0,46491.206250038886
R12_1,23,1.3059642787215964,1,197.1443873802621,0,46491.206250038886
R12_1,24,3.4898664890711757,0,375.86265692281074,0,46491.206250038886
R12_1,25,1.3043118880218145,1,196.8949475161486,0,46491.206250038886
R12_1,26,2.7314718827103164,0,261.37771847574635,0,46491.206250038886
R12_1,27,1.0437610013455654,1,157.56297973410844,0,46491.206250038886
R12_1,28,1.1046006032819022,1,166.74714062397587,0,46491.206250038886
R12_1,29,3.1349596677638942,0,322.2870048137098,0,46491.206250038886
R12_1,30,1.0204755060167017,1,154.047872325544,0,46491.206250038886
R12_1,31,1.3812331446910875,1,208.50674599307794,0,46491.206250038886
R12_1,32,1.1639628651804728,1,175.70828676417244,0,46491.206250038886
R12_1,33,2.416252319138806,0,213.79313384115656,0,46491.206250038886
R12_1,34,3.259876072211817,0,341.14400452639615,0,46491.206250038886
R12_1,35,1.0922194338008566,1,164.8781170127161,0,46491.206250038886
R12_1,36,1.1770839319539732,1,177.68900301574396,0,46491.206250038886
R12_1,37,1.1446132743383401,1,172.78733150162464,0,46491.206250038886
R12_1,38,1.157890174412561,1,174.79157187334698,0,46491.206250038886
R12_1,39,0.9440432405250228,1,142.50989046650545,0,46491.206250038886
R12_1,40,1.2081303814136888,1,182.3756804071497,0,46491.206250038886
R12_1,41,1.0567110773164927,1,159.51788373524653,0,46491.206250038886
R12_1,42,3.2267377675848863,0,336.1415470542103,0,46491.206250038886
R12_1,43,2.9643610700221004,0,296.5339604251919,0,46491.206250038886
R12_1,44,2.3150013077143186,0,198.50858973520852,0,46491.206250038886
R12_1,45,1.6630146093563027,1,251.04361712474181,0,46491.206250038886
R12_1,46,1.190289866203461,1,179.6825306028455,0,46491.206250038886
R12_1,47,1.238284859188333,1,186.9277084714042,0,46491.206250038886
R12_1,48,1.199138755728466,1,181.01833199712974,0,46491.206250038886
R12_1,49,1.1469772276253778,1,173.14418668530897,0,46491.206250038886
R12_1,50,1.134278032185943,1,171.22715484460602,0,46491.206250038886
R12_1,51,1.1867530715541115,1,179.14862686152833,0,46491.206250038886
R12_1,52,1.1258716894667309,1,169.95815896739128,0,46491.206250038886
R12_1,53,1.3381930394296475,1,202.00954287443363,0,46491.206250038886
R12_1,54,2.9301375865735153,0,291.3676876653465,0,46491.206250038886
R12_1,55,1.7032250494657255,1,257.1136626158966,0,46491.206250038886
R12_1,56,2.9458881915865405,0,293.74535099561894,0,46491.206250038886
R12_1,57,1.0862999681271077,1,163.98453251512797,0,46491.206250038886
R12_1,58,1.1928267030820585,1,180.0654837666207,0,46491.206250038886
R12_1,59,2.534554107799025,0,231.65161131363269,0,46491.206250038886
R12_1,60,1.0157395678284509,1,153.3329495301766,0,46491.206250038886
R12_1,61,2.786494947476097,0,269.68383264117557,0,46491.206250038886
R12_1,62,1.6504322801572968,1,249.14422705552562,0,46491.206250038886
R12_1,63,1.1480005661241854,1,173.29866674630082,0,46491.206250038886
R12_1,64,1.3654915518018633,1,206.13044310554886,0,46491.206250038886
R12_2,1,2.744809611980237,0,290.1454470999825,0,48301.05625001124
R12_2,2,1.2827302980824093,1,213.30599813891357,0,48301.05625001124
R12_2,3,2.3297459731395946,0,221.1242632186735,0,48301.05625001124
R12_2,4,1.105202310148453,1,183.78476150760014,0,48301.05625001124
R12_2,5,2.2019722416213625,0,199.8766920198218,0,48301.05625001124
R12_2,6,1.0098610418740215,1,167.9304042639069,0,48301.05625001124
R12_2,7,2.3443923365458446,0,223.55981585990025,0,48301.05625001124
R12_2,8,2.3624749282299327,0,226.56678098255935,0,48301.05625001124
R12_2,9,1.1591920635940873,1,192.76275030634514,0,48301.05625001124
R12_2,10,2.9657380525987165,0,326.88377129318735,0,48301.05625001124
R12_2,11,3.1627413685855146,0,359.6435720214143,0,48301.05625001124
R12_2,12,2.7821141212226266,0,296.3488365349443,0,48301.05625001124
R12_2,13,2.548078095063147,0,257.43084400366877,0,48301.05625001124
R12_2,14,1.111487304789037,1,184.82989707281723,0,48301.05625001124
R12_2,15,1.1105494798791185,1,184.67394560056394,0,48301.05625001124
R12_2,16,1.0914533841083625,1,181.49844426951523,0,48301.05625001124
R12_2,17,2.488939595494756,0,247.59666709389106,0,48301.05625001124
R12_2,18,2.3242891725606825,0,220.21684854555824,0,48301.05625001124
R12_2,19,0.9919947620032623,1,164.95940976369246,0,48301.05625001124
R12_2,20,2.3404825990311338,0,222.90966324069043,0,48301.05625001124
R12_2,21,2.6490675859662645,0,274.22444760906683,0,48301.05625001124
R12_2,22,1.0990793416509028,1,182.76656936783726,0,48301.05625001124
R12_2,23,2.58527236198789,0,263.61590117686274,0,48301.05625001124
R12_2,24,2.763805596471613,0,293.30430086575126,0,48301.05625001124
R12_2,25,1.3247447948875326,1,220.29261425823174,0,48301.05625001124
R12_2,26,2.4826522121120362,0,246.55113430329868,0,48301.05625001124
R12_2,27,4.008758987994796,0,334.0377486953344,0,48301.05625001124
R12_2,28,1.1504062774596413,1,191.30175660903848,0,48301.05625001124
R12_2,29,1.2622092355273864,1,209.89353821829377,0,48301.05625001124
R12_2,30,2.3953459669818784,0,232.03292592458584,0,48301.05625001124
R12_2,31,2.841517649221018,0,306.2270851828586,0,48301.05625001124
R12_2,32,1.0134236983798566,1,168.52284057194467,0,48301.05625001124
R12_2,33,2.9409822954782285,0,322.76712144858226,0,48301.05625001124
R12_2,34,2.5416502464094464,0,256.36195315809255,0,48301.05625001124
R12_2,35,1.2499082159333845,1,207.847994220037,0,48301.05625001124
R12_2,36,1.083853271851254,1,180.2346169993603,0,48301.05625001124
R12_2,37,1.8192827832831284,1,302.52963585975647,0,48301.05625001124
R12_2,38,0.9466800729306648,1,157.42400267349217,0,48301.05625001124
R12_2,39,2.826695781185201,0,303.76234777048836,0,48301.05625001124
R12_2,40,1.4054633914581878,1,233.71535856825125,0,48301.05625001124
R12_2,41,2.4582671194075942,0,242.49612246892602,0,48301.05625001124
R12_2,42,1.0721913912970358,1,178.29535581911688,0,48301.05625001124
R12_2,43,2.758377066571299,0,292.4015873409025,0,48301.05625001124
R12_2,44,2.6712465144560085,0,277.91259506003723,0,48301.05625001124
R12_2,45,1.0768291325097046,1,179.06656861416508,0,48301.05625001124
R12_2,46,2.596855804313364,0,265.54211881654265,0,48301.05625001124
R12_2,47,1.1585022577602544,1,192.64804207646458,0,48301.05625001124
R12_2,48,1.1900535312790126,1,197.89472245856356,0,48301.05625001124
R12_2,49,1.1223301244560098,1,186.63295612206656,0,48301.05625001124
R12_2,50,1.350209203884603,1,224.52710625258013,0,48301.05625001124
R12_2,51,1.1839081963300764,1,196.8728109880532,0,48301.05625001124
R12_2,52,2.747760367444698,0,290.6361300132589,0,48301.05625001124
R12_2,53,2.600086886727489,0,266.0794174680553,0,48301.05625001124
R12_2,54,2.7607339114334337,0,292.7935085004226,0,48301.05625001124
R12_2,55,2.720774248956566,0,286.14859202603594,0,48301.05625001124
R12_2,56,3.0344425838890743,0,338.30868941156706,0,48301.05625001124
R12_2,57,2.768562835877404,0,294.0953850877062,0,48301.05625001124
R12_2,58,2.5338522609136973,0,255.06522142724532,0,48301.05625001124
R12_2,59,1.007230299816893,1,167.4929365739491,0,48301.05625001124
R12_2,60,1.1875839356436302,1,197.48405190467278,0,48301.05625001124
R12_2,61,2.91979448037052,0,319.24378684216686,0,48301.05625001124
R12_2,62,1.1488564342034273,1,191.04403223531833,0,48301.05625001124
R12_2,63,2.865291525101597,0,310.18045740141355,0,48301.05625001124
R12_2,64,2.612492249855123,0,268.1423128157152,0,48301.05625001124
R12_3,1,1.0658286134629762,1,197.17106682805704,0,45494.200000121054
R12_3,2,2.5579823047834864,0,288.21616276120375,0,45494.200000121054
R12_3,3,2.4021742266869524,0,259.39272474248804,0,45494.200000121054
R12_3,4,2.5221065706642136,0,281.5793951982155,0,45494.200000121054
R12_3,5,1.1280633188252835,1,208.68406534865895,0,45494.200000121054
R12_3,6,2.5007555041653404,0,277.62959266305694,0,45494.200000121054
R12_3,7,0.9101842362852786,1,168.37791236938136,0,45494.200000121054
R12_3,8,2.7684341799125605,0,327.1483327283286,0,45494.200000121054
R12_3,9,0.9989302929801589,1,184.79533113097662,0,45494.200000121054
R12_3,10,1.075235316584319,1,198.91124312501614,0,45494.200000121054
R12_3,11,2.547924119775807,0,286.35546673253003,0,45494.200000121054
R12_3,12,1.162058927952632,1,214.97302253599779,0,45494.200000121054
R12_3,13,0.9607868052516508,1,177.7390445263821,0,45494.200000121054
R12_3,14,3.9468929813380385,0,360.16200098367017,0,45494.200000121054
R12_3,15,2.287045426820349,0,238.09467737765374,0,45494.200000121054
R12_3,16,1.041107833050841,1,192.5978900666955,0,45494.200000121054
R12_3,17,2.018140104503935,0,188.34901601414265,0,45494.200000121054
R12_3,18,2.4577820784530786,0,269.6798002800085,0,45494.200000121054
R12_3,19,3.699466423181029,0,314.3897653566839,0,45494.200000121054
R12_3,20,2.6799331423602055,0,310.77624084679155,0,45494.200000121054
R12_3,21,1.1093237530083506,1,205.2173727328422,0,45494.200000121054
R12_3,22,2.488320632113137,0,275.32922564585425,0,45494.200000121054
R12_3,23,2.6788947452483143,0,310.5841444217576,0,45494.200000121054
R12_3,24,2.525616958974396,0,282.22879323403123,0,45494.200000121054
R12_3,25,2.3419421357020695,0,248.25019630333682,0,45494.200000121054
R12_3,26,2.699611300848133,0,314.4165667427813,0,45494.200000121054
R12_3,27,0.8773103397089663,1,162.29646439841045,0,45494.200000121054
R12_3,28,2.559195908600884,0,288.4406712387955,0,45494.200000121054
R12_3,29,2.2366071961500644,0,228.7639466911627,0,45494.200000121054
R12_3,30,2.305429999971583,0,241.49569875728182,0,45494.200000121054
R12_3,31,0.9276737028667945,1,171.61334510272331,0,45494.200000121054
R12_3,32,3.723122440376173,0,318.7659681423405,0,45494.200000121054
R12_3,33,2.060730682975315,0,196.22798425345567,0,45494.200000121054
R12_3,34,2.690431371221777,0,312.7183420047957,0,45494.200000121054
R12_3,35,2.450633772818634,0,268.3574122054601,0,45494.200000121054
R12_3,36,2.885531697628366,0,348.81057954672343,0,45494.200000121054
R12_3,37,2.4590503297925324,0,269.91441817865456,0,45494.200000121054
R12_3,38,3.6465573497924737,0,304.60194552042617,0,45494.200000121054
R12_3,39,1.041030672739879,1,192.58361593233843,0,45494.200000121054
R12_3,40,2.3683596492609915,0,253.1372571924538,0,45494.200000121054
R12_3,41,1.0471924524034968,1,193.72350339124944,0,45494.200000121054
R12_3,42,2.5411427260783626,0,285.10095487854466,0,45494.200000121054
R12_3,43,2.620626350789429,0,299.8048865254189,0,45494.200000121054
R12_3,44,2.5327622964892953,0,283.5506322265874,0,45494.200000121054
R12_3,45,2.3590867425487865,0,251.42183232400254,0,45494.200000121054
R12_3,46,1.0686732440475168,1,197.6973041986809,0,45494.200000121054
R12_3,47,2.256236587802391,0,232.39525105322147,0,45494.200000121054
R12_3,48,3.430817336114238,0,264.6915057769954,0,45494.200000121054
R12_3,49,0.8990629678572262,1,166.32055311598648,0,45494.200000121054
R12_3,50,2.2411006567338028,0,229.59520643203845,0,45494.200000121054
R12_3,51,0.930345422376881,1,172.1075950969677,0,45494.200000121054
R12_3,52,1.1810196423212993,1,218.48062613442747,0,45494.200000121054
R12_3,53,2.3229576648001284,0,244.7381979073297,0,45494.200000121054
R12_3,54,1.141605174734984,1,211.1892168737931,0,45494.200000121054
R12_3,55,1.0132849247167748,1,187.4508406732062,0,45494.200000121054
R12_3,56,1.0088257398039957,1,186.62592169905764,0,45494.200000121054
R12_3,57,2.2594142331763436,0,232.98309390193901,0,45494.200000121054
R12_3,58,2.3252598827313946,0,245.16409261483102,0,45494.200000121054
R12_3,59,2.5697126275362763,0,290.38619293508935,0,45494.200000121054
R12_3,60,4.027520886636353,0,375.07761678059217,0,45494.200000121054
R12_3,61,2.830223924653694,0,338.5790165509915,0,45494.200000121054
R12_3,62,2.1960689107007774,0,221.2646387457263,0,45494.200000121054
R12_3,63,2.666864406887967,0,308.3586133946768,0,45494.200000121054
R12_3,64,0.9831641330637879,1,181.87869844611015,0,45494.200000121054
R12_4,1,2.623934575213216,0,223.15405338187597,0,45520.88281252509
R12_4,2,1.007478147015405,1,138.4432819103139,0,45520.88281252509
R12_4,3,0.947705506628246,1,130.22958464238008,0,45520.88281252509
R12_4,4,3.1959947835342746,0,301.7640886713614,0,45520.88281252509
R12_4,5,1.1054613794130717,1,151.90771317912092,0,45520.88281252509
R12_4,6,2.5579031561618173,0,214.08030186701484,0,45520.88281252509
R12_4,7,1.2458205509665454,1,171.1952624065073,0,45520.88281252509
R12_4,8,2.7868355566302796,0,245.53920045489232,0,45520.88281252509
R12_4,9,1.31519785808878,1,180.7287913634932,0,45520.88281252509
R12_4,10,2.69599197045504,0,233.05586843636587,0,45520.88281252509
R12_4,11,2.907805169164277,0,262.1623204900387,0,45520.88281252509
R12_4,12,2.3331509647948074,0,183.19582950246547,0,45520.88281252509
R12_4,13,0.9932218300184879,1,136.48424059626265,0,45520.88281252509
R12_4,14,2.7023927752798045,0,233.93543930292307,0,45520.88281252509
R12_4,15,1.390563629502772,1,191.08522913751918,0,45520.88281252509
R12_4,16,1.4322546759004773,1,196.814232100682,0,45520.88281252509
R12_4,17,2.897041068226269,0,260.68316437624634,0,45520.88281252509
R12_4,18,1.0741397771333574,1,147.60363429945576,0,45520.88281252509
R12_4,19,1.1757801203079836,1,161.57060988624283,0,45520.88281252509
R12_4,20,1.4447811397495371,1,198.5355644900071,0,45520.88281252509
R12_4,21,1.5308077334151733,1,210.35696626821738,0,45520.88281252509
R12_4,22,1.1553111027009102,1,158.757846171816,0,45520.88281252509
R12_4,23,1.1971425805433604,1,164.50614661567508,0,45520.88281252509
R12_4,24,3.044839052924978,0,280.9929230762597,0,45520.88281252509
R12_4,25,1.0592803352851696,1,145.56171418147306,0,45520.88281252509
R12_4,26,1.0781651550876568,1,148.15678429737267,0,45520.88281252509
R12_4,27,3.308616504320071,0,317.24007759098197,0,45520.88281252509
R12_4,28,1.0382554671834363,1,142.67256790037678,0,45520.88281252509
R12_4,29,0.9956124992280984,1,136.81275600110882,0,45520.88281252509
R12_4,30,1.2665268384115684,1,174.0406307140577,0,45520.88281252509
R12_4,31,1.1848660450185164,1,162.81915829381174,0,45520.88281252509
R12_4,32,2.3491454602941744,0,185.39372377540116,0,45520.88281252509
R12_4,33,2.7113198113300214,0,235.16215391920028,0,45520.88281252509
R12_4,34,1.0970071352935697,1,150.74596758151932,0,45520.88281252509
R12_4,35,1.0104599206138474,1,138.85302431922406,0,45520.88281252509
R12_4,36,2.962353912668007,0,269.65817248158135,0,45520.88281252509
R12_4,37,1.1295879488290197,1,155.2230818162232,0,45520.88281252509
R12_4,38,1.258118008104983,1,172.88512568586506,0,45520.88281252509
R12_4,39,1.3845146697125337,1,190.25400729118383,0,45520.88281252509
R12_4,40,2.450134354414253,0,199.27118005561442,0,45520.88281252509
R12_4,41,1.1109741039914844,1,152.6652479059678,0,45520.88281252509
R12_4,42,1.2828701668200537,1,176.28646009399165,0,45520.88281252509
R12_4,43,2.706850674254227,0,234.54802446546125,0,45520.88281252509
R12_4,44,2.7099523852353187,0,234.97424814984905,0,45520.88281252509
R12_4,45,2.780230088382247,0,244.6315056274444,0,45520.88281252509
R12_4,46,2.7155459395116566,0,235.74289014357677,0,45520.88281252509
R12_4,47,1.2509416310628474,1,171.8989790454812,0,45520.88281252509
R12_4,48,1.2559059736335882,1,172.58115749278232,0,45520.88281252509
R12_4,49,3.082289588177275,0,286.1392133704815,0,45520.88281252509
R12_4,50,2.9469154664597497,0,267.5366880930637,0,45520.88281252509
R12_4,51,1.3718226459495,1,188.5099243757938,0,45520.88281252509
R12_4,52,2.393154947347817,0,191.44131680850558,0,45520.88281252509
R12_4,53,1.276169984631185,1,175.3657500871578,0,45520.88281252509
R12_4,54,1.2012541190702137,1,165.0711364261685,0,45520.88281252509
R12_4,55,2.733504611751414,0,238.2106930740807,0,45520.88281252509
R12_4,56,1.4468908679201355,1,198.82547419449205,0,45520.88281252509
R12_4,57,3.076280713034457,0,285.3134997827227,0,45520.88281252509
R12_4,58,1.1257118036044815,1,154.69043873345677,0,45520.88281252509
R12_4,59,1.0986419567648618,1,150.97061766499192,0,45520.88281252509
R12_4,60,3.048332061193932,0,281.47291713858846,0,45520.88281252509
R12_4,61,1.1607501483344116,1,159.50525625727764,0,45520.88281252509
R12_4,62,1.4225924142883741,1,195.48648597316705,0,45520.88281252509
R12_4,63,3.1746053188322136,0,298.8248411051169,0,45520.88281252509
R12_4,64,3.1659710316741965,0,297.6383547732273,0,45520.88281252509
R12_5,1,3.662354202535184,0,325.88950061406786,0,49640.52187483503
R12_5,2,2.443157263196845,0,176.6518517194071,0,49640.52187483503
R12_5,3,1.1797436010886955,1,144.40830323979282,0,49640.52187483503
R12_5,4,1.2775196556978514,1,156.37672937116574,0,49640.52187483503
R12_5,5,3.3462989307219075,0,287.20227612696044,0,49640.52187483503
R12_5,6,1.7945012654613848,1,219.6586467328984,0,49640.52187483503
R12_5,7,1.2570978502268275,1,153.87696732588512,0,49640.52187483503
R12_5,8,2.629408448473889,0,199.45021029277677,0,49640.52187483503
R12_5,9,2.8582613342565395,0,227.46329457389012,0,49640.52187483503
R12_5,10,1.2125739378127633,1,148.42695035662308,0,49640.52187483503
R12_5,11,1.2159259058894492,1,148.8372530885226,0,49640.52187483503
R12_5,12,1.6210652259921368,1,198.42894550182487,0,49640.52187483503
R12_5,13,1.039922347593702,1,127.29327082474973,0,49640.52187483503
R12_5,14,1.4171421978147194,1,173.46743821884783,0,49640.52187483503
R12_5,15,1.0138400057932664,1,124.10062225225886,0,49640.52187483503
R12_5,16,1.411521822987698,1,172.7794677211964,0,49640.52187483503
R12_5,17,1.5647201779981827,1,191.53194451850732,0,49640.52187483503
R12_5,18,1.3529143020071075,1,165.6055253034649,0,49640.52187483503
R12_5,19,1.2161245715599485,1,148.8615710609722,0,49640.52187483503
R12_5,20,1.0307976998467012,1,126.17635449005657,0,49640.52187483503
R12_5,21,1.0795332606233572,1,132.14190465934968,0,49640.52187483503
R12_5,22,2.3767863971687753,0,168.52762528679537,0,49640.52187483503
R12_5,23,3.196735094701637,0,268.89468813428886,0,49640.52187483503
R12_5,24,3.109291492533046,0,258.1910215013971,0,49640.52187483503
R12_5,25,3.051221178094096,0,251.0828366644617,0,49640.52187483503
R12_5,26,1.8873030323102142,1,231.01818763307963,0,49640.52187483503
R12_5,27,1.2799630045567838,1,156.6758111908215,0,49640.52187483503
R12_5,28,1.2627117137000425,1,154.5641407914065,0,49640.52187483503
R12_5,29,1.393418632917026,1,170.56351930755727,0,49640.52187483503
R12_5,30,1.1902318654873696,1,145.69213513711804,0,49640.52187483503
R12_5,31,1.36051395450108,1,166.53577228327813,0,49640.52187483503
R12_5,32,3.15891917110482,0,264.26577270128996,0,49640.52187483503
R12_5,33,1.2521365434686516,1,153.26967105393342,0,49640.52187483503
R12_5,34,1.4068164820564597,1,172.20350333417431,0,49640.52187483503
R12_5,35,1.4129389813775646,1,172.95293714142838,0,49640.52187483503
R12_5,36,2.8993104521283684,0,232.48797405160954,0,49640.52187483503
R12_5,37,1.117837281941604,1,136.83056643358924,0,49640.52187483503
R12_5,38,1.0618768335199924,1,129.98064294373526,0,49640.52187483503
R12_5,39,1.3496947986364844,1,165.211437114644,0,49640.52187483503
R12_5,40,1.4454036398541774,1,176.9268228582404,0,49640.52187483503
R12_5,41,2.757082501048096,0,215.07834617160213,0,49640.52187483503
R12_5,42,1.5025604518676872,1,183.92318904649474,0,49640.52187483503
R12_5,43,1.3219193003416976,1,161.81153515570247,0,49640.52187483503
R12_5,44,2.6287346333104935,0,199.36773092662122,0,49640.52187483503
R12_5,45,1.116470176912884,1,136.6632238708784,0,49640.52187483503
R12_5,46,2.9503694524231037,0,238.73792835598456,0,49640.52187483503
R12_5,47,1.441062217004177,1,176.3954044154228,0,49640.52187483503
R12_5,48,3.287884553452102,0,280.0519757578322,0,49640.52187483503
R12_5,49,1.2292885941242453,1,150.4729331913252,0,49640.52187483503
R12_5,50,2.0281545559174425,1,248.25933182245228,0,49640.52187483503
R12_5,51,1.1264394529376816,1,137.8835282098402,0,49640.52187483503
R12_5,52,1.3413574479601813,1,164.19089107093666,0,49640.52187483503
R12_5,53,1.4919908897452032,1,182.62940577809113,0,49640.52187483503
R12_5,54,1.7305683103712965,1,211.8328364829885,0,49640.52187483503
R12_5,55,2.6361739342139145,0,200.2783498270008,0,49640.52187483503
R12_5,56,3.2149800918934233,0,271.127994663479,0,49640.52187483503
R12_5,57,1.772887372603705,1,217.01296542460148,0,49640.52187483503
R12_5,58,1.2648283672944238,1,154.8232329821411,0,49640.52187483503
R12_5,59,1.580654821185707,1,193.48244866476276,0,49640.52187483503
R12_5,60,3.526619012517841,0,309.2746289909059,0,49640.52187483503
R12_5,61,1.2330403504189746,1,150.9321726058819,0,49640.52187483503
R12_5,62,1.786887528367508,1,218.72667570629076,0,49640.52187483503
R12_5,63,2.886841770375817,0,230.96172616701662,0,49640.52187483503
R12_5,64,1.396334682080937,1,170.92046272436093,0,49640.52187483503
R12_6,1,1.124998016414743,1,196.53529132724984,0,47343.287500098086
R12_6,2,2.749244050684055,0,305.590040237821,0,47343.287500098086
R12_6,3,2.3962682234882706,0,243.9257474860141,0,47343.287500098086
R12_6,4,1.1501111097335546,1,200.92250716187962,0,47343.287500098086
R12_6,5,1.0671519935362,1,186.4296868793523,0,47343.287500098086
R12_6,6,1.0647320266945108,1,186.00692267773164,0,47343.287500098086
R12_6,7,1.183183119241182,1,206.70013248078737,0,47343.287500098086
R12_6,8,1.2063943542159663,1,210.75509681074467,0,47343.287500098086
R12_6,9,4.181279637537905,0,381.06594213910677,0,47343.287500098086
R12_6,10,1.1807158665719761,1,206.2691075233692,0,47343.287500098086
R12_6,11,2.765865171691118,0,308.49372256582984,0,47343.287500098086
R12_6,12,1.3375353386471573,1,233.66520972122322,0,47343.287500098086
R12_6,13,2.633352596332756,0,285.34399499068417,0,47343.287500098086
R12_6,14,2.264315780615423,0,220.87387412893557,0,47343.287500098086
R12_6,15,2.7740629382739073,0,309.92585881858054,0,47343.287500098086
R12_6,16,0.9489388063459927,1,165.77803874828186,0,47343.287500098086
R12_6,17,2.5716973346402234,0,274.57292282718305,0,47343.287500098086
R12_6,18,2.920022745281976,0,335.42479550455056,0,47343.287500098086
R12_6,19,1.2364364835507011,1,216.0034070786238,0,47343.287500098086
R12_6,20,2.882690089847415,0,328.90284239459254,0,47343.287500098086
R12_6,21,1.2678077641814234,1,221.483917877849,0,47343.287500098086
R12_6,22,1.1040550551733226,1,192.87659066397597,0,47343.287500098086
R12_6,23,1.4396955400379206,1,251.51242780465708,0,47343.287500098086
R12_6,24,2.4083037326929997,0,246.0283310224383,0,47343.287500098086
R12_6,25,1.2164251181956303,1,212.50745467468235,0,47343.287500098086
R12_6,26,1.3610810446164443,1,237.77860558029133,0,47343.287500098086
R12_6,27,1.2417545807782915,1,216.9324698615626,0,47343.287500098086
R12_6,28,2.746113528571719,0,305.043143206557,0,47343.287500098086
R12_6,29,3.3072180650345544,0,403.0671769645957,0,47343.287500098086
R12_6,30,1.4410303464112886,1,251.74561626866063,0,47343.287500098086
R12_6,31,2.6641729195994373,0,290.72825445037745,0,47343.287500098086
R12_6,32,3.0206660584188114,0,353.0070157208342,0,47343.287500098086
R12_6,33,3.1887264905845143,0,382.36689504003016,0,47343.287500098086
R12_6,34,2.8253835329773693,0,318.8914817654361,0,47343.287500098086
R12_6,35,2.962036441406795,0,342.7645186748539,0,47343.287500098086
R12_6,36,2.291507155546565,0,225.6241623211861,0,47343.287500098086
R12_6,37,2.7837420643865016,0,311.61678612918655,0,47343.287500098086
R12_6,38,3.112910001602181,0,369.12187990921166,0,47343.287500098086
R12_6,39,0.9246063877200221,1,161.52720549028825,0,47343.287500098086
R12_6,40,2.7736404202745746,0,309.8520456234665,0,47343.287500098086
R12_6,41,2.9339136387291376,0,337.85151159702303,0,47343.287500098086
R12_6,42,0.8620055626351188,1,150.59094496727266,0,47343.287500098086
R12_6,43,1.1180713971330611,1,195.32522240395,0,47343.287500098086
R12_6,44,2.6849863272445447,0,294.3643223148169,0,47343.287500098086
R12_6,45,1.1496825806309197,1,200.8476438369673,0,47343.287500098086
R12_6,46,1.3120980282205785,1,229.22135369452437,0,47343.287500098086
R12_6,47,2.544518133636956,0,269.8247613999799,0,47343.287500098086
R12_6,48,1.2287461402232935,1,214.65991682868034,0,47343.287500098086
R12_6,49,0.9857783343783417,1,172.21384331731525,0,47343.287500098086
R12_6,50,1.0557819619617845,1,184.44336118341909,0,47343.287500098086
R12_6,51,2.8426528928941295,0,321.90841035797763,0,47343.287500098086
R12_6,52,3.020922955488338,0,353.051895213654,0,47343.287500098086
R12_6,53,2.612361436902212,0,281.67687418355075,0,47343.287500098086
R12_6,54,1.4340097060668633,1,250.51912202132647,0,47343.287500098086
R12_6,55,2.832327837475866,0,320.10464026684036,0,47343.287500098086
R12_6,56,1.242648403474579,1,217.08861920711354,0,47343.287500098086
R12_6,57,1.2927629151721014,1,225.84354144918547,0,47343.287500098086
R12_6,58,1.088944975724683,1,190.23688479508965,0,47343.287500098086
R12_6,59,0.9394648994052126,1,164.1229628873061,0,47343.287500098086
R12_6,60,1.127103907444969,1,196.90318700447844,0,47343.287500098086
R12_6,61,2.837232616712136,0,320.9614970808341,0,47343.287500098086
R12_6,62,1.2862017460488637,1,224.6973160636574,0,47343.287500098086
R12_6,63,0.9942483404608531,1,173.6935393600476,0,47343.287500098086
R12_6,64,1.0783891403781212,1,188.39279783247437,0,47343.287500098086
R12_7,1,1.4242544061257618,1,214.89007359120683,0,44707.74531250754
R12_7,2,1.4030495017747704,1,211.69069893111796,0,44707.74531250754
R12_7,3,3.374299794357512,0,358.23196708581844,0,44707.74531250754
R12_7,4,3.2438536647667746,0,338.550386135899,0,44707.74531250754
R12_7,5,2.8861675271673235,0,284.58306112660983,0,44707.74531250754
R12_7,6,1.3785466588164397,1,207.99373460798668,0,44707.74531250754
R12_7,7,1.0510950462590358,1,158.58816435496647,0,44707.74531250754
R12_7,8,2.647800183309087,0,248.61843581590279,0,44707.74531250754
R12_7,9,1.412978814123914,1,213.18882360058745,0,44707.74531250754
R12_7,10,0.9912104753651576,1,149.5528404753173,0,44707.74531250754
R12_7,11,1.1850844380063954,1,178.8043491385219,0,44707.74531250754
R12_7,12,2.753082544504842,0,264.50333267695936,0,44707.74531250754
R12_7,13,3.032273915775278,0,306.62744622036195,0,44707.74531250754
R12_7,14,1.0536379252055816,1,158.97183137513255,0,44707.74531250754
R12_7,15,1.1422949488309868,1,172.34831401004692,0,44707.74531250754
R12_7,16,2.9278879926148846,0,290.8778030292696,0,44707.74531250754
R12_7,17,2.9046831574601413,0,287.37668081920066,0,44707.74531250754
R12_7,18,1.391294306603445,1,209.91708689623124,0,44707.74531250754
R12_7,19,2.7978044532669912,0,271.2509293308315,0,44707.74531250754
R12_7,20,1.662969014074445,1,250.90709375892212,0,44707.74531250754
R12_7,21,1.2606376012621467,1,190.20373448867204,0,44707.74531250754
R12_7,22,2.7703939583216197,0,267.11526139773724,0,44707.74531250754
R12_7,23,1.3744455758859822,1,207.37496733653663,0,44707.74531250754
R12_7,24,1.3019785940182231,1,196.44122193296374,0,44707.74531250754
R12_7,25,3.2255705404066006,0,335.79184670478605,0,44707.74531250754
R12_7,26,1.0028067119573514,1,151.30246899951857,0,44707.74531250754
R12_7,27,2.6056733993634786,0,242.26238898656004,0,44707.74531250754
R12_7,28,2.431309536228696,0,215.95454453157728,0,44707.74531250754
R12_7,29,2.610991000363043,0,243.0647032818231,0,44707.74531250754
R12_7,30,3.036782613444558,0,307.3077139940029,0,44707.74531250754
R12_7,31,2.850807559965375,0,279.2479848077109,0,44707.74531250754
R12_7,32,1.387832329401597,1,209.3947472548888,0,44707.74531250754
R12_7,33,1.4267748467457295,1,215.27035513920728,0,44707.74531250754
R12_7,34,1.7495583796566052,1,263.97161022602023,0,44707.74531250754
R12_7,35,1.304055268183049,1,196.75454844414404,0,44707.74531250754
R12_7,36,1.3936206655018992,1,210.26808558911824,0,44707.74531250754
R12_7,37,1.3669821870945782,1,206.24889873550077,0,44707.74531250754
R12_7,38,1.2335022729210259,1,186.1095834163179,0,44707.74531250754
R12_7,39,2.3263506830997613,0,200.11845824255732,0,44707.74531250754
R12_7,40,2.8385969280728247,0,277.40565693798555,0,44707.74531250754
R12_7,41,1.0753280947650445,1,162.2444223622425,0,44707.74531250754
R12_7,42,1.3362009595749385,1,201.60465805878408,0,44707.74531250754
R12_7,43,1.134362966030686,1,171.15154441583002,0,44707.74531250754
R12_7,44,3.558413212274239,0,386.0108145691657,0,44707.74531250754
R12_7,45,0.9695766769316343,1,146.28875470704295,0,44707.74531250754
R12_7,46,2.5266299120304723,0,230.3363870469915,0,44707.74531250754
R12_7,47,1.0451657318745475,1,157.69355535888576,0,44707.74531250754
R12_7,48,2.987437605070191,0,299.86258871629894,0,44707.74531250754
R12_7,49,1.064413850135125,1,160.59769209998865,0,44707.74531250754
R12_7,50,2.845793147399476,0,278.4914152786521,0,44707.74531250754
R12_7,51,1.0735378968140736,1,161.97431909433502,0,44707.74531250754
R12_7,52,1.77509035724826,1,267.8238493484701,0,44707.74531250754
R12_7,53,1.2610689245725517,1,190.26881211631797,0,44707.74531250754
R12_7,54,1.1566771488698606,1,174.51828589952416,0,44707.74531250754
R12_7,55,1.1935411820835817,1,180.08029418687283,0,44707.74531250754
R12_7,56,2.768258477228038,0,266.79306215624,0,44707.74531250754
R12_7,57,1.022558144574905,1,154.28254530503216,0,44707.74531250754
R12_7,58,1.3018379944352603,1,196.42000840917245,0,44707.74531250754
R12_7,59,1.4422315737702327,1,217.60245058050512,0,44707.74531250754
R12_7,60,2.9434277976878604,0,293.2224332030356,0,44707.74531250754
R12_7,61,1.3098869741503165,1,197.6344303803197,0,44707.74531250754
R12_7,62,1.1060572039411056,1,166.88079947565362,0,44707.74531250754
R12_7,63,0.9691955379394983,1,146.23124883890844,0,44707.74531250754
R12_7,64,2.893493280251896,0,285.6883633905059,0,44707.74531250754
R12_8,1,2.340707420793187,0,190.79260462043536,0,46304.7890625603
R12_8,2,3.4731412783060804,0,209.6389242744787,0,46304.7890625603
R12_8,3,1.1555170667955643,1,164.4386444335933,0,46304.7890625603
R12_8,4,1.0496892063534133,1,149.3785553925257,0,46304.7890625603
R12_8,5,2.987278778263203,0,282.80450181101935,0,46304.7890625603
R12_8,6,2.5770719664997586,0,224.42903164088284,0,46304.7890625603
R12_8,7,1.2315147548226832,1,175.25367880943583,0,46304.7890625603
R12_8,8,1.2591200984323834,1,179.1821238430441,0,46304.7890625603
R12_8,9,0.990040893127361,1,140.89015824851538,0,46304.7890625603
R12_8,10,2.928118329248683,0,274.3855313608384,0,46304.7890625603
R12_8,11,1.1603368994997538,1,165.12454235673846,0,46304.7890625603
R12_8,12,2.158986608313107,0,164.93238591119237,0,46304.7890625603
R12_8,13,1.41056140699747,1,200.73334468372937,0,46304.7890625603
R12_8,14,3.0014529926766684,0,284.8215975952682,0,46304.7890625603
R12_8,15,1.0571770305919976,1,150.44412828879146,0,46304.7890625603
R12_8,16,1.2879093658103287,1,183.27905000528096,0,46304.7890625603
R12_8,17,1.446975542789957,1,205.9153461443774,0,46304.7890625603
R12_8,18,1.0536779482484988,1,149.9461829326726,0,46304.7890625603
R12_8,19,2.795943946479497,0,255.57613688630653,0,46304.7890625603
R12_8,20,3.1873422205787563,0,311.2750127194561,0,46304.7890625603
R12_8,21,1.2292939614051939,1,174.9376434434227,0,46304.7890625603
R12_8,22,2.5984352394220522,0,227.46918374330838,0,46304.7890625603
R12_8,23,1.397369606693733,1,198.85605370991422,0,46304.7890625603
R12_8,24,1.1146815128949328,1,158.62744240025904,0,46304.7890625603
R12_8,25,1.2246808634706206,1,174.2811654105158,0,46304.7890625603
R12_8,26,1.3547762941853065,1,192.79470959645593,0,46304.7890625603
R12_8,27,1.2902469907730953,1,183.61171136625708,0,46304.7890625603
R12_8,28,2.770038832286147,0,251.88964710241677,0,46304.7890625603
R12_8,29,1.0201869093951004,1,145.18015983532686,0,46304.7890625603
R12_8,30,1.1502907242121587,1,163.69489714118504,0,46304.7890625603
R12_8,31,1.111074093346371,1,158.11407985675882,0,46304.7890625603
R12_8,32,1.0217135626923088,1,145.39741391657435,0,46304.7890625603
R12_8,33,1.296659280796682,1,184.52422777081156,0,46304.7890625603
R12_8,34,2.3263459206521766,0,188.7488566888106,0,46304.7890625603
R12_8,35,2.4282065361945264,0,203.2443773715172,0,46304.7890625603
R12_8,36,3.2224085794100787,0,316.2652155274807,0,46304.7890625603
R12_8,37,2.2609840712562956,0,179.4473809934853,0,46304.7890625603
R12_8,38,1.2053133317651472,1,171.5250220776398,0,46304.7890625603
R12_8,39,2.7414449113812864,0,247.82052019140036,0,46304.7890625603
R12_8,40,1.1866994016548418,1,168.87612183819212,0,46304.7890625603
R12_8,41,1.1413392235422428,1,162.42103223853215,0,46304.7890625603
R12_8,42,2.5463355781974215,0,220.05501573713073,0,46304.7890625603
R12_8,43,2.9790092536044384,0,281.6276871502294,0,46304.7890625603
R12_8,44,1.231718316887438,1,175.28264720025294,0,46304.7890625603
R12_8,45,1.0235129904123745,1,145.65348582026724,0,46304.7890625603
R12_8,46,0.9751619565926859,1,138.77277528232491,0,46304.7890625603
R12_8,47,2.1151352673335175,0,158.69201502054358,0,46304.7890625603
R12_8,48,2.51890620509144,0,216.15161261066828,0,46304.7890625603
R12_8,49,2.5058351602001636,0,214.2915060272031,0,46304.7890625603
R12_8,50,1.1392951986703856,1,162.13015234694478,0,46304.7890625603
R12_8,51,2.5504856217645795,0,220.6455977009415,0,46304.7890625603
R12_8,52,2.5277158364453314,0,217.40528845797533,0,46304.7890625603
R12_8,53,2.6265953903444696,0,231.4765819702937,0,46304.7890625603
R12_8,54,1.165027042948001,1,165.79198453737888,0,46304.7890625603
R12_8,55,2.9916746568055856,0,283.4300679141742,0,46304.7890625603
R12_8,56,1.056721376053403,1,150.37928527019014,0,46304.7890625603
R12_8,57,1.25416149856785,1,178.47647832430349,0,46304.7890625603
R12_8,58,2.9209604266938385,0,273.36690876587295,0,46304.7890625603
R12_8,59,2.6996745005456653,0,241.8762810861386,0,46304.7890625603
R12_8,60,1.068049738257148,1,151.9913951887412,0,46304.7890625603
R12_8,61,1.1650497761677059,1,165.79521964306332,0,46304.7890625603
R12_8,62,2.9297667682621054,0,274.6201164522998,0,46304.7890625603
R12_8,63,3.0765565010158085,0,295.5093835729718,0,46304.7890625603
R12_8,64,1.086435073765486,1,154.6077647217603,0,46304.7890625603
R12_9,1,1.4840637124997613,1,195.94518205230676,0,45942.098437535606
R12_9,2,1.4110134734043456,1,186.30014978182126,0,45942.098437535606
R12_9,3,1.3312187542987957,1,175.76462450062343,0,45942.098437535606
R12_9,4,2.4071234973184694,0,185.78654509901276,0,45942.098437535606
R12_9,5,1.4080406345507406,1,185.9076373543059,0,45942.098437535606
R12_9,6,1.8379697124065828,1,242.67240474299442,0,45942.098437535606
R12_9,7,1.2473800213029378,1,164.6951564841618,0,45942.098437535606
R12_9,8,1.6480192529936772,1,217.5927016028323,0,45942.098437535606
R12_9,9,1.1806572808153248,1,155.88556197568087,0,45942.098437535606
R12_9,10,1.3728163149445116,1,181.25686956059326,0,45942.098437535606
R12_9,11,1.0931456404184132,1,144.33114947651217,0,45942.098437535606
R12_9,12,1.254994521773103,1,165.7005207877946,0,45942.098437535606
R12_9,13,1.0744236527206041,1,141.85923182437207,0,45942.098437535606
R12_9,14,2.439796786804468,0,190.10049308026103,0,45942.098437535606
R12_9,15,1.4988863168966589,1,197.9022529600961,0,45942.098437535606
R12_9,16,1.4798427637513,1,195.3878781010108,0,45942.098437535606
R12_9,17,1.1635616580997272,1,153.62837794975823,0,45942.098437535606
R12_9,18,1.3346549182953957,1,176.2183110736488,0,45942.098437535606
R12_9,19,2.9897700873077717,0,262.7150429701097,0,45942.098437535606
R12_9,20,1.2921032521777107,1,170.60009273582955,0,45942.098437535606
R12_9,21,3.3307509377941855,0,307.73572116752405,0,45942.098437535606
R12_9,22,2.4461927329649846,0,190.94496816867112,0,45942.098437535606
R12_9,23,1.1913835459306164,1,157.30178147694232,0,45942.098437535606
R12_9,24,1.1167097452419377,1,147.44238571971107,0,45942.098437535606
R12_9,25,2.8113990206781025,0,239.16420022041237,0,45942.098437535606
R12_9,26,1.7300088381789926,1,228.4180213382424,0,45942.098437535606
R12_9,27,2.8353640572526473,0,242.32837263089365,0,45942.098437535606
R12_9,28,1.2831114876568002,1,169.41288431534093,0,45942.098437535606
R12_9,29,1.2906395502420835,1,170.40683597749066,0,45942.098437535606
R12_9,30,2.3554151890107526,0,178.95934906987074,0,45942.098437535606
R12_9,31,1.8959819710048293,1,250.3319293823725,0,45942.098437535606
R12_9,32,1.066415488753126,1,140.80189100180903,0,45942.098437535606
R12_9,33,2.8509468008090266,0,244.38580688881183,0,45942.098437535606
R12_9,34,2.980978877089143,0,261.55431430850365,0,45942.098437535606
R12_9,35,1.2443384378221012,1,164.29356750664004,0,45942.098437535606
R12_9,36,2.3814252835502536,0,182.39353634014316,0,45942.098437535606
R12_9,37,1.1397237704430978,1,150.48099337504027,0,45942.098437535606
R12_9,38,1.5931440317161396,1,210.3473689848169,0,45942.098437535606
R12_9,39,1.228967879998553,1,162.26414873869038,0,45942.098437535606
R12_9,40,1.1968226907350648,1,158.01992734220406,0,45942.098437535606
R12_9,41,3.612077744609671,0,344.880105140636,0,45942.098437535606
R12_9,42,3.130259331556964,0,281.2642402242024,0,45942.098437535606
R12_9,43,3.409106048646592,0,318.08117084828166,0,45942.098437535606
R12_9,44,1.4897335426419893,1,196.69378596335613,0,45942.098437535606
R12_9,45,1.1963925690753534,1,157.96313714768118,0,45942.098437535606
R12_9,46,1.1488895362975065,1,151.69117568989884,0,45942.098437535606
R12_9,47,1.5636711220220043,1,206.45597631279932,0,45942.098437535606
R12_9,48,1.432625026544077,1,189.15358503445293,0,45942.098437535606
R12_9,49,1.2061785452970142,1,159.25520761349892,0,45942.098437535606
R12_9,50,2.9196796088630848,0,253.4607963745612,0,45942.098437535606
R12_9,51,1.3136489880057702,1,173.44483794031225,0,45942.098437535606
R12_9,52,1.6732561319275874,1,220.92479900234844,0,45942.098437535606
R12_9,53,1.3943167538209131,1,184.09563407882553,0,45942.098437535606
R12_9,54,2.645423895768964,0,217.25002915581837,0,45942.098437535606
R12_9,55,3.1982185334315503,0,290.23708827060784,0,45942.098437535606
R12_9,56,3.367466541668165,0,312.5833874938764,0,45942.098437535606
R12_9,57,3.7068377030380617,0,357.39153382737675,0,45942.098437535606
R12_9,58,3.181360741908996,0,288.01130577820965,0,45942.098437535606
R12_9,59,1.1340474675774352,1,149.73153485177826,0,45942.098437535606
R12_9,60,1.1013653928659721,1,145.4164269320531,0,45942.098437535606
R12_9,61,2.7184960661200535,0,226.8979570727962,0,45942.098437535606
R12_9,62,1.1511867560158997,1,151.99448418814106,0,45942.098437535606
R12_9,63,1.8447792925309692,1,243.5714931082273,0,45942.098437535606
R12_9,64,1.4140144589070438,1,186.69637849202442,0,45942.098437535606
R4_0,1,0.8923125711391684,1,93.6805687463799,1,1451.1812501041277
R4_0,2,0.8923125711391684,1,93.6805687463799,1,1451.1812501041277
R4_0,3,0.8923125711391684,1,93.6805687463799,1,1451.1812501041277
R4_0,4,0.9090909090909092,1,95.44206386902673,0,1451.1812501041277
R4_0,5,0.9090909090909092,1,95.44206386902673,0,1451.1812501041277
R4_0,6,0.8923125711391684,1,93.6805687463799,1,1451.1812501041277
R4_0,7,0.9522953679125834,1,99.97793885914015,0,1451.1812501041277
R4_0,8,0.9522953679125834,1,99.97793885914015,0,1451.1812501041277
R4_0,9,0.9522953679125834,1,99.97793885914015,0,1451.1812501041277
R4_0,10,1.1653145041224509,1,122.342023462954,0,1451.1812501041277
R4_0,11,0.9090909090909092,1,95.44206386902673,0,1451.1812501041277
R4_0,12,1.0,0,0.0,0,1451.1812501041277
R4_0,13,0.9522953679125834,1,99.97793885914015,0,1451.1812501041277
R4_0,14,0.9090909090909092,1,95.44206386902673,0,1451.1812501041277
R4_0,15,0.8923125711391684,1,93.6805687463799,1,1451.1812501041277
R4_0,16,0.9090909090909092,1,95.44206386902673,0,1451.1812501041277
R4_0,17,0.9090909090909092,1,95.44206386902673,0,1451.1812501041277
R4_0,18,0.8923125711391684,1,93.6805687463799,1,1451.1812501041277
R4_0,19,0.9090909090909092,1,95.44206386902673,0,1451.1812501041277
R4_0,20,1.0,0,0.0,0,1451.1812501041277
R4_0,21,0.9090909090909092,1,95.44206386902673,0,1451.1812501041277
R4_0,22,1.0,0,0.0,0,1451.1812501041277
R4_0,23,1.0,0,0.0,0,1451.1812501041277
R4_0,24,0.9090909090909092,1,95.44206386902673,0,1451.1812501041277
R4_0,25,0.8923125711391684,1,93.6805687463799,1,1451.1812501041277
R4_0,26,0.8923125711391684,1,93.6805687463799,1,1451.1812501041277
R4_0,27,0.9090909090909092,1,95.44206386902673,0,1451.1812501041277
R4_0,28,0.8923125711391684,1,93.6805687463799,1,1451.1812501041277
R4_0,29,0.9090909090909092,1,95.44206386902673,0,1451.1812501041277
R4_0,30,0.9522953679125834,1,99.97793885914015,0,1451.1812501041277
R4_0,31,0.9522953679125834,1,99.97793885914015,0,1451.1812501041277
R4_0,32,0.9522953679125834,1,99.97793885914015,0,1451.1812501041277
R4_0,33,1.0,0,0.0,0,1451.1812501041277
R4_0,34,0.9090909090909092,1,95.44206386902673,0,1451.1812501041277
R4_0,35,0.8923125711391684,1,93.6805687463799,1,1451.1812501041277
R4_0,36,0.8923125711391684,1,93.6805687463799,1,1451.1812501041277
R4_0,37,0.9090909090909092,1,95.44206386902673,0,1451.1812501041277
R4_0,38,0.8923125711391684,1,93.6805687463799,1,1451.1812501041277
R4_0,39,0.9522953679125834,1,99.97793885914015,0,1451.1812501041277
R4_0,40,1.1653145041224509,1,122.342023462954,0,1451.1812501041277
R4_0,41,1.1653145041224509,1,122.342023462954,0,1451.1812501041277
R4_0,42,0.9090909090909092,1,95.44206386902673,0,1451.1812501041277
R4_0,43,0.8923125711391684,1,93.6805687463799,1,1451.1812501041277
R4_0,44,1.1653145041224509,1,122.342023462954,0,1451.1812501041277
R4_0,45,1.0,0,0.0,0,1451.1812501041277
R4_0,46,1.0,0,0.0,0,1451.1812501041277
R4_0,47,0.8923125711391684,1,93.6805687463799,1,1451.1812501041277
R4_0,48,0.8923125711391684,1,93.6805687463799,1,1451.1812501041277
R4_0,49,0.8923125711391684,1,93.6805687463799,1,1451.1812501041277
R4_0,50,1.0,0,0.0,0,1451.1812501041277
R4_0,51,0.9090909090909092,1,95.44206386902673,0,1451.1812501041277
R4_0,52,0.8923125711391684,1,93.6805687463799,1,1451.1812501041277
R4_0,53,1.1653145041224509,1,122.342023462954,0,1451.1812501041277
R4_0,54,0.8923125711391684,1,93.6805687463799,1,1451.1812501041277
R4_0,55,1.1653145041224509,1,122.342023462954,0,1451.1812501041277
R4_0,56,0.9090909090909092,1,95.44206386902673,0,1451.1812501041277
R4_0,57,1.0,0,0.0,0,1451.1812501041277
R4_0,58,0.8923125711391684,1,93.6805687463799,1,1451.1812501041277
R4_0,59,0.8923125711391684,1,93.6805687463799,1,1451.1812501041277
R4_0,60,0.8923125711391684,1,93.6805687463799,1,1451.1812501041277
R4_0,61,0.8923125711391684,1,93.6805687463799,1,1451.1812501041277
R4_0,62,0.8923125711391684,1,93.6805687463799,1,1451.1812501041277
R4_0,63,0.9090909090909092,1,95.44206386902673,0,1451.1812501041277
R4_0,64,0.9090909090909092,1,95.44206386902673,0,1451.1812501041277
R4_1,1,1.0,0,0.0,0,1100.895312447392
R4_1,2,0.9090909090909092,1,78.30800563359918,1,1100.895312447392
R4_1,3,1.0,0,0.0,0,1100.895312447392
R4_1,4,0.9090909090909092,1,78.30800563359918,1,1100.895312447392
R4_1,5,1.0,0,0.0,0,1100.895312447392
R4_1,6,1.0,0,0.0,0,1100.895312447392
R4_1,7,0.9090909090909092,1,78.30800563359918,1,1100.895312447392
R4_1,8,1.2431391081630192,1,107.08251871391488,0,1100.895312447392
R4_1,9,1.0957180357886909,1,94.38384353131472,0,1100.895312447392
R4_1,10,1.0,0,0.0,0,1100.895312447392
R4_1,11,0.9090909090909092,1,78.30800563359918,1,1100.895312447392
R4_1,12,1.0,0,0.0,0,1100.895312447392
R4_1,13,1.0,0,0.0,0,1100.895312447392
R4_1,14,1.0957180357886909,1,94.38384353131472,0,1100.895312447392
R4_1,15,0.9090909090909092,1,78.30800563359918,1,1100.895312447392
R4_1,16,1.0,0,0.0,0,1100.895312447392
R4_1,17,0.9090909090909092,1,78.30800563359918,1,1100.895312447392
R4_1,18,1.0957180357886909,1,94.38384353131472,0,1100.895312447392
R4_1,19,1.1157151700827184,1,96.10637280676252,0,1100.895312447392
R4_1,20,1.0,0,0.0,0,1100.895312447392
R4_1,21,0.9090909090909092,1,78.30800563359918,1,1100.895312447392
R4_1,22,1.1157151700827184,1,96.10637280676252,0,1100.895312447392
R4_1,23,0.9090909090909092,1,78.30800563359918,1,1100.895312447392
R4_1,24,1.0,0,0.0,0,1100.895312447392
R4_1,25,1.2727313425298252,1,109.63155845497215,0,1100.895312447392
R4_1,26,1.0,0,0.0,0,1100.895312447392
R4_1,27,1.0,0,0.0,0,1100.895312447392
R4_1,28,0.9090909090909092,1,78.30800563359918,1,1100.895312447392
R4_1,29,1.2431391081630192,1,107.08251871391488,0,1100.895312447392
R4_1,30,0.9090909090909092,1,78.30800563359918,1,1100.895312447392
R4_1,31,1.2727313425298252,1,109.63155845497215,0,1100.895312447392
R4_1,32,1.0957180357886909,1,94.38384353131472,0,1100.895312447392
R4_1,33,1.2727313425298252,1,109.63155845497215,0,1100.895312447392
R4_1,34,1.0,0,0.0,0,1100.895312447392
R4_1,35,1.0,0,0.0,0,1100.895312447392
R4_1,36,1.1157151700827184,1,96.10637280676252,0,1100.895312447392
R4_1,37,0.9090909090909092,1,78.30800563359918,1,1100.895312447392
R4_1,38,0.9090909090909092,1,78.30800563359918,1,1100.895312447392
R4_1,39,1.0957180357886909,1,94.38384353131472,0,1100.895312447392
R4_1,40,1.1157151700827184,1,96.10637280676252,0,1100.895312447392
R4_1,41,0.9090909090909092,1,78.30800563359918,1,1100.895312447392
R4_1,42,1.0,0,0.0,0,1100.895312447392
R4_1,43,1.0,0,0.0,0,1100.895312447392
R4_1,44,1.0,0,0.0,0,1100.895312447392
R4_1,45,1.0957180357886909,1,94.38384353131472,0,1100.895312447392
R4_1,46,1.0957180357886909,1,94.38384353131472,0,1100.895312447392
R4_1,47,1.0,0,0.0,0,1100.895312447392
R4_1,48,1.1157151700827184,1,96.10637280676252,0,1100.895312447392
R4_1,49,0.9090909090909092,1,78.30800563359918,1,1100.895312447392
R4_1,50,0.9090909090909092,1,78.30800563359918,1,1100.895312447392
R4_1,51,1.0,0,0.0,0,1100.895312447392
R4_1,52,0.9090909090909092,1,78.30800563359918,1,1100.895312447392
R4_1,53,0.9090909090909092,1,78.30800563359918,1,1100.895312447392
R4_1,54,0.9090909090909092,1,78.30800563359918,1,1100.895312447392
R4_1,55,0.9090909090909092,1,78.30800563359918,1,1100.895312447392
R4_1,56,0.9090909090909092,1,78.30800563359918,1,1100.895312447392
R4_1,57,1.0,0,0.0,0,1100.895312447392
R4_1,58,1.0957180357886909,1,94.38384353131472,0,1100.895312447392
R4_1,59,1.0,0,0.0,0,1100.895312447392
R4_1,60,1.0,0,0.0,0,1100.895312447392
R4_1,61,1.0,0,0.0,0,1100.895312447392
R4_1,62,1.0957180357886909,1,94.38384353131472,0,1100.895312447392
R4_1,63,1.0,0,0.0,0,1100.895312447392
R4_1,64,1.0,0,0.0,0,1100.895312447392
R4_2,1,1.0265991203054323,1,135.0463723041005,0,1038.450000123703
R4_2,2,1.0265991203054323,1,135.0463723041005,0,1038.450000123703
R4_2,3,0.9482602385510877,1,124.74110164680965,0,1038.450000123703
R4_2,4,1.0265991203054323,1,135.0463723041005,0,1038.450000123703
R4_2,5,1.0,0,0.0,0,1038.450000123703
R4_2,6,1.0824734030985041,1,142.3964849693566,0,1038.450000123703
R4_2,7,0.9090909090909083,1,119.58848097477211,1,1038.450000123703
R4_2,8,0.9482602385510877,1,124.74110164680965,0,1038.450000123703
R4_2,9,1.0265991203054323,1,135.0463723041005,0,1038.450000123703
R4_2,10,1.0,0,0.0,0,1038.450000123703
R4_2,11,0.9482602385510877,1,124.74110164680965,0,1038.450000123703
R4_2,12,1.1558896280822637,1,152.05419327653746,0,1038.450000123703
R4_2,13,1.0265991203054323,1,135.0463723041005,0,1038.450000123703
R4_2,14,0.9090909090909083,1,119.58848097477211,1,1038.450000123703
R4_2,15,0.9090909090909083,1,119.58848097477211,1,1038.450000123703
R4_2,16,1.0,0,0.0,0,1038.450000123703
R4_2,17,1.1558896280822637,1,152.05419327653746,0,1038.450000123703
R4_2,18,1.0,0,0.0,0,1038.450000123703
R4_2,19,1.0,0,0.0,0,1038.450000123703
R4_2,20,0.9090909090909083,1,119.58848097477211,1,1038.450000123703
R4_2,21,1.0824734030985041,1,142.3964849693566,0,1038.450000123703
R4_2,22,0.9090909090909083,1,119.58848097477211,1,1038.450000123703
R4_2,23,1.0824734030985041,1,142.3964849693566,0,1038.450000123703
R4_2,24,0.9482602385510877,1,124.74110164680965,0,1038.450000123703
R4_2,25,1.0824734030985041,1,142.3964849693566,0,1038.450000123703
R4_2,26,1.0,0,0.0,0,1038.450000123703
R4_2,27,1.0,0,0.0,0,1038.450000123703
R4_2,28,0.9482602385510877,1,124.74110164680965,0,1038.450000123703
R4_2,29,0.9090909090909083,1,119.58848097477211,1,1038.450000123703
R4_2,30,1.0,0,0.0,0,1038.450000123703
R4_2,31,1.0824734030985041,1,142.3964849693566,0,1038.450000123703
R4_2,32,0.9090909090909083,1,119.58848097477211,1,1038.450000123703
R4_2,33,0.9482602385510877,1,124.74110164680965,0,1038.450000123703
R4_2,34,1.0,0,0.0,0,1038.450000123703
R4_2,35,0.9482602385510877,1,124.74110164680965,0,1038.450000123703
R4_2,36,1.0,0,0.0,0,1038.450000123703
R4_2,37,1.0,0,0.0,0,1038.450000123703
R4_2,38,0.9090909090909083,1,119.58848097477211,1,1038.450000123703
R4_2,39,0.9090909090909083,1,119.58848097477211,1,1038.450000123703
R4_2,40,0.9482602385510877,1,124.74110164680965,0,1038.450000123703
R4_2,41,1.1558896280822637,1,152.05419327653746,0,1038.450000123703
R4_2,42,1.0,0,0.0,0,1038.450000123703
R4_2,43,0.9090909090909083,1,119.58848097477211,1,1038.450000123703
R4_2,44,1.0265991203054323,1,135.0463723041005,0,1038.450000123703
R4_2,45,1.0265991203054323,1,135.0463723041005,0,1038.450000123703
R4_2,46,0.9482602385510877,1,124.74110164680965,0,1038.450000123703
R4_2,47,0.9090909090909083,1,119.58848097477211,1,1038.450000123703
R4_2,48,0.9090909090909083,1,119.58848097477211,1,1038.450000123703
R4_2,49,1.0265991203054323,1,135.0463723041005,0,1038.450000123703
R4_2,50,0.9482602385510877,1,124.74110164680965,0,1038.450000123703
R4_2,51,1.0265991203054323,1,135.0463723041005,0,1038.450000123703
R4_2,52,1.0265991203054323,1,135.0463723041005,0,1038.450000123703
R4_2,53,0.9090909090909083,1,119.58848097477211,1,1038.450000123703
R4_2,54,1.0265991203054323,1,135.0463723041005,0,1038.450000123703
R4_2,55,1.0265991203054323,1,135.0463723041005,0,1038.450000123703
R4_2,56,0.9090909090909083,1,119.58848097477211,1,1038.450000123703
R4_2,57,0.9090909090909083,1,119.58848097477211,1,1038.450000123703
R4_2,58,0.9090909090909083,1,119.58848097477211,1,1038.450000123703
R4_2,59,0.9090909090909083,1,119.58848097477211,1,1038.450000123703
R4_2,60,0.9090909090909083,1,119.58848097477211,1,1038.450000123703
R4_2,61,0.9090909090909083,1,119.58848097477211,1,1038.450000123703
R4_2,62,1.0,0,0.0,0,1038.450000123703
R4_2,63,1.0265991203054323,1,135.0463723041005,0,1038.450000123703
R4_2,64,1.0265991203054323,1,135.0463723041005,0,1038.450000123703
R4_3,1,0.9090909090909092,1,59.09785070507451,1,1095.4609374493884
R4_3,2,0.9090909090909092,1,59.09785070507451,1,1095.4609374493884
R4_3,3,0.9090909090909092,1,59.09785070507451,1,1095.4609374493884
R4_3,4,0.9090909090909092,1,59.09785070507451,1,1095.4609374493884
R4_3,5,0.9090909090909092,1,59.09785070507451,1,1095.4609374493884
R4_3,6,0.9090909090909092,1,59.09785070507451,1,1095.4609374493884
R4_3,7,0.9090909090909092,1,59.09785070507451,1,1095.4609374493884
R4_3,8,1.0112621985762456,1,65.73976467865882,0,1095.4609374493884
R4_3,9,1.0,0,0.0,0,1095.4609374493884
R4_3,10,0.9090909090909092,1,59.09785070507451,1,1095.4609374493884
R4_3,11,1.0112621985762456,1,65.73976467865882,0,1095.4609374493884
R4_3,12,1.0112621985762456,1,65.73976467865882,0,1095.4609374493884
R4_3,13,0.9090909090909092,1,59.09785070507451,1,1095.4609374493884
R4_3,14,0.9090909090909092,1,59.09785070507451,1,1095.4609374493884
R4_3,15,1.0,0,0.0,0,1095.4609374493884
R4_3,16,0.9090909090909092,1,59.09785070507451,1,1095.4609374493884
R4_3,17,1.0,0,0.0,0,1095.4609374493884
R4_3,18,1.1883373761207467,1,77.25100332536823,0,1095.4609374493884
R4_3,19,0.9090909090909092,1,59.09785070507451,1,1095.4609374493884
R4_3,20,1.1883373761207467,1,77.25100332536823,0,1095.4609374493884
R4_3,21,1.0112621985762456,1,65.73976467865882,0,1095.4609374493884
R4_3,22,0.9090909090909092,1,59.09785070507451,1,1095.4609374493884
R4_3,23,0.9090909090909092,1,59.09785070507451,1,1095.4609374493884
R4_3,24,1.3050085336085617,1,84.83551943685171,0,1095.4609374493884
R4_3,25,1.0112621985762456,1,65.73976467865882,0,1095.4609374493884
R4_3,26,0.9090909090909092,1,59.09785070507451,1,1095.4609374493884
R4_3,27,1.0,0,0.0,0,1095.4609374493884
R4_3,28,1.0112621985762456,1,65.73976467865882,0,1095.4609374493884
R4_3,29,0.9090909090909092,1,59.09785070507451,1,1095.4609374493884
R4_3,30,1.0,0,0.0,0,1095.4609374493884
R4_3,31,0.9090909090909092,1,59.09785070507451,1,1095.4609374493884
R4_3,32,1.0,0,0.0,0,1095.4609374493884
R4_3,33,0.9090909090909092,1,59.09785070507451,1,1095.4609374493884
R4_3,34,0.9090909090909092,1,59.09785070507451,1,1095.4609374493884
R4_3,35,0.9090909090909092,1,59.09785070507451,1,1095.4609374493884
R4_3,36,0.9090909090909092,1,59.09785070507451,1,1095.4609374493884
R4_3,37,1.1883373761207467,1,77.25100332536823,0,1095.4609374493884
R4_3,38,1.0,0,0.0,0,1095.4609374493884
R4_3,39,0.9090909090909092,1,59.09785070507451,1,1095.4609374493884
R4_3,40,1.0112621985762456,1,65.73976467865882,0,1095.4609374493884
R4_3,41,1.0112621985762456,1,65.73976467865882,0,1095.4609374493884
R4_3,42,0.9090909090909092,1,59.09785070507451,1,1095.4609374493884
R4_3,43,1.0112621985762456,1,65.73976467865882,0,1095.4609374493884
R4_3,44,1.0,0,0.0,0,1095.4609374493884
R4_3,45,0.9090909090909092,1,59.09785070507451,1,1095.4609374493884
R4_3,46,0.9090909090909092,1,59.09785070507451,1,1095.4609374493884
R4_3,47,1.0,0,0.0,0,1095.4609374493884
R4_3,48,1.0112621985762456,1,65.73976467865882,0,1095.4609374493884
R4_3,49,0.9090909090909092,1,59.09785070507451,1,1095.4609374493884
R4_3,50,1.0,0,0.0,0,1095.4609374493884
R4_3,51,1.0,0,0.0,0,1095.4609374493884
R4_3,52,1.0112621985762456,1,65.73976467865882,0,1095.4609374493884
R4_3,53,1.0112621985762456,1,65.73976467865882,0,1095.4609374493884
R4_3,54,1.0112621985762456,1,65.73976467865882,0,1095.4609374493884
R4_3,55,0.9090909090909092,1,59.09785070507451,1,1095.4609374493884
R4_3,56,1.0112621985762456,1,65.73976467865882,0,1095.4609374493884
R4_3,57,1.0,0,0.0,0,1095.4609374493884
R4_3,58,1.3050085336085617,1,84.83551943685171,0,1095.4609374493884
R4_3,59,1.0,0,0.0,0,1095.4609374493884
R4_3,60,1.0,0,0.0,0,1095.4609374493884
R4_3,61,1.0112621985762456,1,65.73976467865882,0,1095.4609374493884
R4_3,62,1.0112621985762456,1,65.73976467865882,0,1095.4609374493884
R4_3,63,0.9090909090909092,1,59.09785070507451,1,1095.4609374493884
R4_3,64,0.9090909090909092,1,59.09785070507451,1,1095.4609374493884
R4_4,1,0.9090909090909083,1,78.4792754338647,1,1441.2374998755695
R4_4,2,0.9090909090909083,1,78.4792754338647,1,1441.2374998755695
R4_4,3,0.9631761313751399,1,83.14830139606529,0,1441.2374998755695
R4_4,4,0.9631761313751399,1,83.14830139606529,0,1441.2374998755695
R4_4,5,1.0,0,0.0,0,1441.2374998755695
R4_4,6,0.9631761313751399,1,83.14830139606529,0,1441.2374998755695
R4_4,7,0.9090909090909083,1,78.4792754338647,1,1441.2374998755695
R4_4,8,0.9631761313751399,1,83.14830139606529,0,1441.2374998755695
R4_4,9,0.9631761313751399,1,83.14830139606529,0,1441.2374998755695
R4_4,10,0.9631761313751399,1,83.14830139606529,0,1441.2374998755695
R4_4,11,0.9631761313751399,1,83.14830139606529,0,1441.2374998755695
R4_4,12,1.1106541748309393,1,95.87966838816199,0,1441.2374998755695
R4_4,13,0.9090909090909083,1,78.4792754338647,1,1441.2374998755695
R4_4,14,0.9090909090909083,1,78.4792754338647,1,1441.2374998755695
R4_4,15,0.9631761313751399,1,83.14830139606529,0,1441.2374998755695
R4_4,16,1.1106541748309393,1,95.87966838816199,0,1441.2374998755695
R4_4,17,0.9090909090909083,1,78.4792754338647,1,1441.2374998755695
R4_4,18,1.1106541748309393,1,95.87966838816199,0,1441.2374998755695
R4_4,19,0.9631761313751399,1,83.14830139606529,0,1441.2374998755695
R4_4,20,1.0,0,0.0,0,1441.2374998755695
R4_4,21,1.1601447159775677,1,100.1520483791809,0,1441.2374998755695
R4_4,22,1.0,0,0.0,0,1441.2374998755695
R4_4,23,1.1601447159775677,1,100.1520483791809,0,1441.2374998755695
R4_4,24,0.9631761313751399,1,83.14830139606529,0,1441.2374998755695
R4_4,25,1.0,0,0.0,0,1441.2374998755695
R4_4,26,1.1601447159775677,1,100.1520483791809,0,1441.2374998755695
R4_4,27,0.9090909090909083,1,78.4792754338647,1,1441.2374998755695
R4_4,28,1.0,0,0.0,0,1441.2374998755695
R4_4,29,0.9631761313751399,1,83.14830139606529,0,1441.2374998755695
R4_4,30,1.0,0,0.0,0,1441.2374998755695
R4_4,31,1.0,0,0.0,0,1441.2374998755695
R4_4,32,1.1106541748309393,1,95.87966838816199,0,1441.2374998755695
R4_4,33,0.9090909090909083,1,78.4792754338647,1,1441.2374998755695
R4_4,34,0.9090909090909083,1,78.4792754338647,1,1441.2374998755695
R4_4,35,0.9631761313751399,1,83.14830139606529,0,1441.2374998755695
R4_4,36,0.9090909090909083,1,78.4792754338647,1,1441.2374998755695
R4_4,37,0.9631761313751399,1,83.14830139606529,0,1441.2374998755695
R4_4,38,1.1601447159775677,1,100.1520483791809,0,1441.2374998755695
R4_4,39,0.9090909090909083,1,78.4792754338647,1,1441.2374998755695
R4_4,40,1.1601447159775677,1,100.1520483791809,0,1441.2374998755695
R4_4,41,0.9631761313751399,1,83.14830139606529,0,1441.2374998755695
R4_4,42,1.1106541748309393,1,95.87966838816199,0,1441.2374998755695
R4_4,43,0.9631761313751399,1,83.14830139606529,0,1441.2374998755695
R4_4,44,0.9631761313751399,1,83.14830139606529,0,1441.2374998755695
R4_4,45,0.9631761313751399,1,83.14830139606529,0,1441.2374998755695
R4_4,46,0.9090909090909083,1,78.4792754338647,1,1441.2374998755695
R4_4,47,0.9090909090909083,1,78.4792754338647,1,1441.2374998755695
R4_4,48,1.1601447159775677,1,100.1520483791809,0,1441.2374998755695
R4_4,49,1.0,0,0.0,0,1441.2374998755695
R4_4,50,0.9631761313751399,1,83.14830139606529,0,1441.2374998755695
R4_4,51,0.9090909090909083,1,78.4792754338647,1,1441.2374998755695
R4_4,52,1.1106541748309393,1,95.87966838816199,0,1441.2374998755695
R4_4,53,1.2402943958516062,1,107.07114606222875,0,1441.2374998755695
R4_4,54,0.9631761313751399,1,83.14830139606529,0,1441.2374998755695
R4_4,55,0.9090909090909083,1,78.4792754338647,1,1441.2374998755695
R4_4,56,1.2402943958516062,1,107.07114606222875,0,1441.2374998755695
R4_4,57,0.9631761313751399,1,83.14830139606529,0,1441.2374998755695
R4_4,58,1.0,0,0.0,0,1441.2374998755695
R4_4,59,1.0,0,0.0,0,1441.2374998755695
R4_4,60,1.0,0,0.0,0,1441.2374998755695
R4_4,61,1.1106541748309393,1,95.87966838816199,0,1441.2374998755695
R4_4,62,1.0,0,0.0,0,1441.2374998755695
R4_4,63,0.9090909090909083,1,78.4792754338647,1,1441.2374998755695
R4_4,64,0.9631761313751399,1,83.14830139606529,0,1441.2374998755695
R4_5,1,0.8997048820871125,1,109.4866804932953,1,1346.5593749515392
R4_5,2,1.0,0,0.0,0,1346.5593749515392
R4_5,3,0.9090909090909092,1,110.62888274219524,0,1346.5593749515392
R4_5,4,0.9496201804874493,1,115.56096155644511,0,1346.5593749515392
R4_5,5,0.9496201804874493,1,115.56096155644511,0,1346.5593749515392
R4_5,6,0.9496201804874493,1,115.56096155644511,0,1346.5593749515392
R4_5,7,1.0,0,0.0,0,1346.5593749515392
R4_5,8,0.9090909090909092,1,110.62888274219524,0,1346.5593749515392
R4_5,9,0.9090909090909092,1,110.62888274219524,0,1346.5593749515392
R4_5,10,0.8997048820871125,1,109.4866804932953,1,1346.5593749515392
R4_5,11,0.8997048820871125,1,109.4866804932953,1,1346.5593749515392
R4_5,12,1.0,0,0.0,0,1346.5593749515392
R4_5,13,1.0,0,0.0,0,1346.5593749515392
R4_5,14,0.9496201804874493,1,115.56096155644511,0,1346.5593749515392
R4_5,15,0.9496201804874493,1,115.56096155644511,0,1346.5593749515392
R4_5,16,1.0,0,0.0,0,1346.5593749515392
R4_5,17,0.9090909090909092,1,110.62888274219524,0,1346.5593749515392
R4_5,18,1.0,0,0.0,0,1346.5593749515392
R4_5,19,1.0084882391071153,1,122.72471986617046,0,1346.5593749515392
R4_5,20,1.0997342255793203,1,133.82860555811283,0,1346.5593749515392
R4_5,21,0.9090909090909092,1,110.62888274219524,0,1346.5593749515392
R4_5,22,0.8997048820871125,1,109.4866804932953,1,1346.5593749515392
R4_5,23,0.9090909090909092,1,110.62888274219524,0,1346.5593749515392
R4_5,24,0.9090909090909092,1,110.62888274219524,0,1346.5593749515392
R4_5,25,1.0,0,0.0,0,1346.5593749515392
R4_5,26,1.0084882391071153,1,122.72471986617046,0,1346.5593749515392
R4_5,27,0.9090909090909092,1,110.62888274219524,0,1346.5593749515392
R4_5,28,0.9496201804874493,1,115.56096155644511,0,1346.5593749515392
R4_5,29,0.9496201804874493,1,115.56096155644511,0,1346.5593749515392
R4_5,30,1.0,0,0.0,0,1346.5593749515392
R4_5,31,1.0,0,0.0,0,1346.5593749515392
R4_5,32,0.8997048820871125,1,109.4866804932953,1,1346.5593749515392
R4_5,33,0.8997048820871125,1,109.4866804932953,1,1346.5593749515392
R4_5,34,0.9090909090909092,1,110.62888274219524,0,1346.5593749515392
R4_5,35,1.0084882391071153,1,122.72471986617046,0,1346.5593749515392
R4_5,36,0.8997048820871125,1,109.4866804932953,1,1346.5593749515392
R4_5,37,0.9496201804874493,1,115.56096155644511,0,1346.5593749515392
R4_5,38,0.8997048820871125,1,109.4866804932953,1,1346.5593749515392
R4_5,39,0.8997048820871125,1,109.4866804932953,1,1346.5593749515392
R4_5,40,0.9090909090909092,1,110.62888274219524,0,1346.5593749515392
R4_5,41,0.9090909090909092,1,110.62888274219524,0,1346.5593749515392
R4_5,42,0.9090909090909092,1,110.62888274219524,0,1346.5593749515392
R4_5,43,0.9090909090909092,1,110.62888274219524,0,1346.5593749515392
R4_5,44,0.9496201804874493,1,115.56096155644511,0,1346.5593749515392
R4_5,45,0.8997048820871125,1,109.4866804932953,1,1346.5593749515392
R4_5,46,0.8997048820871125,1,109.4866804932953,1,1346.5593749515392
R4_5,47,1.0084882391071153,1,122.72471986617046,0,1346.5593749515392
R4_5,48,0.9496201804874493,1,115.56096155644511,0,1346.5593749515392
R4_5,49,0.9090909090909092,1,110.62888274219524,0,1346.5593749515392
R4_5,50,0.9090909090909092,1,110.62888274219524,0,1346.5593749515392
R4_5,51,1.0,0,0.0,0,1346.5593749515392
R4_5,52,0.9496201804874493,1,115.56096155644511,0,1346.5593749515392
R4_5,53,0.9090909090909092,1,110.62888274219524,0,1346.5593749515392
R4_5,54,1.0084882391071153,1,122.72471986617046,0,1346.5593749515392
R4_5,55,0.9496201804874493,1,115.56096155644511,0,1346.5593749515392
R4_5,56,0.9090909090909092,1,110.62888274219524,0,1346.5593749515392
R4_5,57,1.0,0,0.0,0,1346.5593749515392
R4_5,58,1.0997342255793203,1,133.82860555811283,0,1346.5593749515392
R4_5,59,1.0,0,0.0,0,1346.5593749515392
R4_5,60,0.9496201804874493,1,115.56096155644511,0,1346.5593749515392
R4_5,61,1.0,0,0.0,0,1346.5593749515392
R4_5,62,0.9496201804874493,1,115.56096155644511,0,1346.5593749515392
R4_5,63,1.0,0,0.0,0,1346.5593749515392
R4_5,64,0.9090909090909092,1,110.62888274219524,0,1346.5593749515392
R4_6,1,1.0,0,0.0,0,1258.4062499172433
R4_6,2,1.163847296690208,1,123.93212392502923,0,1258.4062499172433
R4_6,3,0.9090909090909092,1,96.8044240210675,1,1258.4062499172433
R4_6,4,1.049463001622752,1,111.7519275438622,0,1258.4062499172433
R4_6,5,1.049463001622752,1,111.7519275438622,0,1258.4062499172433
R4_6,6,1.0,0,0.0,0,1258.4062499172433
R4_6,7,1.0,0,0.0,0,1258.4062499172433
R4_6,8,1.037935055037063,1,110.52437569155164,0,1258.4062499172433
R4_6,9,1.037935055037063,1,110.52437569155164,0,1258.4062499172433
R4_6,10,1.037935055037063,1,110.52437569155164,0,1258.4062499172433
R4_6,11,0.9090909090909092,1,96.8044240210675,1,1258.4062499172433
R4_6,12,0.9090909090909092,1,96.8044240210675,1,1258.4062499172433
R4_6,13,1.0,0,0.0,0,1258.4062499172433
R4_6,14,0.9090909090909092,1,96.8044240210675,1,1258.4062499172433
R4_6,15,1.037935055037063,1,110.52437569155164,0,1258.4062499172433
R4_6,16,0.9090909090909092,1,96.8044240210675,1,1258.4062499172433
R4_6,17,1.0,0,0.0,0,1258.4062499172433
R4_6,18,0.9090909090909092,1,96.8044240210675,1,1258.4062499172433
R4_6,19,0.9090909090909092,1,96.8044240210675,1,1258.4062499172433
R4_6,20,1.037935055037063,1,110.52437569155164,0,1258.4062499172433
R4_6,21,1.0,0,0.0,0,1258.4062499172433
R4_6,22,1.049463001622752,1,111.7519275438622,0,1258.4062499172433
R4_6,23,1.037935055037063,1,110.52437569155164,0,1258.4062499172433
R4_6,24,1.049463001622752,1,111.7519275438622,0,1258.4062499172433
R4_6,25,0.9090909090909092,1,96.8044240210675,1,1258.4062499172433
R4_6,26,1.1233493807784063,1,119.61970875874408,0,1258.4062499172433
R4_6,27,0.9090909090909092,1,96.8044240210675,1,1258.4062499172433
R4_6,28,0.9090909090909092,1,96.8044240210675,1,1258.4062499172433
R4_6,29,1.0,0,0.0,0,1258.4062499172433
R4_6,30,1.1233493807784063,1,119.61970875874408,0,1258.4062499172433
R4_6,31,0.9090909090909092,1,96.8044240210675,1,1258.4062499172433
R4_6,32,0.9090909090909092,1,96.8044240210675,1,1258.4062499172433
R4_6,33,1.0,0,0.0,0,1258.4062499172433
R4_6,34,1.049463001622752,1,111.7519275438622,0,1258.4062499172433
R4_6,35,1.1233493807784063,1,119.61970875874408,0,1258.4062499172433
R4_6,36,1.163847296690208,1,123.93212392502923,0,1258.4062499172433
R4_6,37,1.049463001622752,1,111.7519275438622,0,1258.4062499172433
R4_6,38,0.9090909090909092,1,96.8044240210675,1,1258.4062499172433
R4_6,39,1.1233493807784063,1,119.61970875874408,0,1258.4062499172433
R4_6,40,1.1233493807784063,1,119.61970875874408,0,1258.4062499172433
R4_6,41,1.0,0,0.0,0,1258.4062499172433
R4_6,42,1.163847296690208,1,123.93212392502923,0,1258.4062499172433
R4_6,43,0.9090909090909092,1,96.8044240210675,1,1258.4062499172433
R4_6,44,1.163847296690208,1,123.93212392502923,0,1258.4062499172433
R4_6,45,1.0,0,0.0,0,1258.4062499172433
R4_6,46,0.9090909090909092,1,96.8044240210675,1,1258.4062499172433
R4_6,47,1.1233493807784063,1,119.61970875874408,0,1258.4062499172433
R4_6,48,1.037935055037063,1,110.52437569155164,0,1258.4062499172433
R4_6,49,1.049463001622752,1,111.7519275438622,0,1258.4062499172433
R4_6,50,1.0,0,0.0,0,1258.4062499172433
R4_6,51,1.037935055037063,1,110.52437569155164,0,1258.4062499172433
R4_6,52,1.1233493807784063,1,119.61970875874408,0,1258.4062499172433
R4_6,53,0.9090909090909092,1,96.8044240210675,1,1258.4062499172433
R4_6,54,1.037935055037063,1,110.52437569155164,0,1258.4062499172433
R4_6,55,1.0,0,0.0,0,1258.4062499172433
R4_6,56,1.037935055037063,1,110.52437569155164,0,1258.4062499172433
R4_6,57,1.0,0,0.0,0,1258.4062499172433
R4_6,58,0.9090909090909092,1,96.8044240210675,1,1258.4062499172433
R4_6,59,1.163847296690208,1,123.93212392502923,0,1258.4062499172433
R4_6,60,1.0,0,0.0,0,1258.4062499172433
R4_6,61,0.9090909090909092,1,96.8044240210675,1,1258.4062499172433
R4_6,62,1.1233493807784063,1,119.61970875874408,0,1258.4062499172433
R4_6,63,0.9090909090909092,1,96.8044240210675,1,1258.4062499172433
R4_6,64,0.9090909090909092,1,96.8044240210675,1,1258.4062499172433
R4_7,1,1.044187667871924,1,108.9129115451331,0,1044.6953124301217
R4_7,2,1.0649292726062614,1,111.07634311135612,0,1044.6953124301217
R4_7,3,0.9090909090909092,1,94.82178425846645,1,1044.6953124301217
R4_7,4,1.0431279318838529,1,108.80237688217811,0,1044.6953124301217
R4_7,5,1.0,0,0.0,0,1044.6953124301217
R4_7,6,1.044187667871924,1,108.9129115451331,0,1044.6953124301217
R4_7,7,1.044187667871924,1,108.9129115451331,0,1044.6953124301217
R4_7,8,1.0649292726062614,1,111.07634311135612,0,1044.6953124301217
R4_7,9,0.9090909090909092,1,94.82178425846645,1,1044.6953124301217
R4_7,10,1.0431279318838529,1,108.80237688217811,0,1044.6953124301217
R4_7,11,0.9090909090909092,1,94.82178425846645,1,1044.6953124301217
R4_7,12,0.9090909090909092,1,94.82178425846645,1,1044.6953124301217
R4_7,13,1.0649292726062614,1,111.07634311135612,0,1044.6953124301217
R4_7,14,0.9090909090909092,1,94.82178425846645,1,1044.6953124301217
R4_7,15,1.0431279318838529,1,108.80237688217811,0,1044.6953124301217
R4_7,16,0.9090909090909092,1,94.82178425846645,1,1044.6953124301217
R4_7,17,1.051854577928803,1,109.71260064560975,0,1044.6953124301217
R4_7,18,1.0649292726062614,1,111.07634311135612,0,1044.6953124301217
R4_7,19,1.051854577928803,1,109.71260064560975,0,1044.6953124301217
R4_7,20,0.9090909090909092,1,94.82178425846645,1,1044.6953124301217
R4_7,21,1.0431279318838529,1,108.80237688217811,0,1044.6953124301217
R4_7,22,1.051854577928803,1,109.71260064560975,0,1044.6953124301217
R4_7,23,0.9090909090909092,1,94.82178425846645,1,1044.6953124301217
R4_7,24,1.0431279318838529,1,108.80237688217811,0,1044.6953124301217
R4_7,25,0.9090909090909092,1,94.82178425846645,1,1044.6953124301217
R4_7,26,0.9090909090909092,1,94.82178425846645,1,1044.6953124301217
R4_7,27,1.0649292726062614,1,111.07634311135612,0,1044.6953124301217
R4_7,28,1.0649292726062614,1,111.07634311135612,0,1044.6953124301217
R4_7,29,0.9090909090909092,1,94.82178425846645,1,1044.6953124301217
R4_7,30,0.9090909090909092,1,94.82178425846645,1,1044.6953124301217
R4_7,31,1.0431279318838529,1,108.80237688217811,0,1044.6953124301217
R4_7,32,1.0,0,0.0,0,1044.6953124301217
R4_7,33,1.044187667871924,1,108.9129115451331,0,1044.6953124301217
R4_7,34,0.9090909090909092,1,94.82178425846645,1,1044.6953124301217
R4_7,35,1.051854577928803,1,109.71260064560975,0,1044.6953124301217
R4_7,36,1.0,0,0.0,0,1044.6953124301217
R4_7,37,0.9090909090909092,1,94.82178425846645,1,1044.6953124301217
R4_7,38,1.0649292726062614,1,111.07634311135612,0,1044.6953124301217
R4_7,39,1.0431279318838529,1,108.80237688217811,0,1044.6953124301217
R4_7,40,1.0431279318838529,1,108.80237688217811,0,1044.6953124301217
R4_7,41,1.0431279318838529,1,108.80237688217811,0,1044.6953124301217
R4_7,42,0.9090909090909092,1,94.82178425846645,1,1044.6953124301217
R4_7,43,0.9090909090909092,1,94.82178425846645,1,1044.6953124301217
R4_7,44,1.044187667871924,1,108.9129115451331,0,1044.6953124301217
R4_7,45,1.0,0,0.0,0,1044.6953124301217
R4_7,46,1.0431279318838529,1,108.80237688217811,0,1044.6953124301217
R4_7,47,0.9090909090909092,1,94.82178425846645,1,1044.6953124301217
R4_7,48,0.9090909090909092,1,94.82178425846645,1,1044.6953124301217
R4_7,49,1.0431279318838529,1,108.80237688217811,0,1044.6953124301217
R4_7,50,0.9090909090909092,1,94.82178425846645,1,1044.6953124301217
R4_7,51,0.9090909090909092,1,94.82178425846645,1,1044.6953124301217
R4_7,52,1.0649292726062614,1,111.07634311135612,0,1044.6953124301217
R4_7,53,1.044187667871924,1,108.9129115451331,0,1044.6953124301217
R4_7,54,0.9090909090909092,1,94.82178425846645,1,1044.6953124301217
R4_7,55,1.0431279318838529,1,108.80237688217811,0,1044.6953124301217
R4_7,56,0.9090909090909092,1,94.82178425846645,1,1044.6953124301217
R4_7,57,1.0,0,0.0,0,1044.6953124301217
R4_7,58,1.051854577928803,1,109.71260064560975,0,1044.6953124301217
R4_7,59,0.9090909090909092,1,94.82178425846645,1,1044.6953124301217
R4_7,60,1.0,0,0.0,0,1044.6953124301217
R4_7,61,1.0649292726062614,1,111.07634311135612,0,1044.6953124301217
R4_7,62,0.9090909090909092,1,94.82178425846645,1,1044.6953124301217
R4_7,63,1.0,0,0.0,0,1044.6953124301217
R4_7,64,1.044187667871924,1,108.9129115451331,0,1044.6953124301217
R4_8,1,1.0,0,0.0,0,1099.8593750173313
R4_8,2,0.9736936356432002,1,74.67018811727982,0,1099.8593750173313
R4_8,3,0.9090909090909092,1,69.7159627141712,1,1099.8593750173313
R4_8,4,0.9090909090909092,1,69.7159627141712,1,1099.8593750173313
R4_8,5,0.9736936356432002,1,74.67018811727982,0,1099.8593750173313
R4_8,6,1.0,0,0.0,0,1099.8593750173313
R4_8,7,1.0,0,0.0,0,1099.8593750173313
R4_8,8,1.2240429886938191,1,93.8688688963531,0,1099.8593750173313
R4_8,9,0.9090909090909092,1,69.7159627141712,1,1099.8593750173313
R4_8,10,0.9736936356432002,1,74.67018811727982,0,1099.8593750173313
R4_8,11,0.9090909090909092,1,69.7159627141712,1,1099.8593750173313
R4_8,12,0.9736936356432002,1,74.67018811727982,0,1099.8593750173313
R4_8,13,1.0,0,0.0,0,1099.8593750173313
R4_8,14,0.9090909090909092,1,69.7159627141712,1,1099.8593750173313
R4_8,15,1.0,0,0.0,0,1099.8593750173313
R4_8,16,0.9736936356432002,1,74.67018811727982,0,1099.8593750173313
R4_8,17,1.0,0,0.0,0,1099.8593750173313
R4_8,18,0.9090909090909092,1,69.7159627141712,1,1099.8593750173313
R4_8,19,1.2240429886938191,1,93.8688688963531,0,1099.8593750173313
R4_8,20,1.0,0,0.0,0,1099.8593750173313
R4_8,21,0.9090909090909092,1,69.7159627141712,1,1099.8593750173313
R4_8,22,1.2266998660924857,1,94.0726183385808,0,1099.8593750173313
R4_8,23,0.9090909090909092,1,69.7159627141712,1,1099.8593750173313
R4_8,24,1.0,0,0.0,0,1099.8593750173313
R4_8,25,0.9090909090909092,1,69.7159627141712,1,1099.8593750173313
R4_8,26,0.9090909090909092,1,69.7159627141712,1,1099.8593750173313
R4_8,27,0.9736936356432002,1,74.67018811727982,0,1099.8593750173313
R4_8,28,0.9090909090909092,1,69.7159627141712,1,1099.8593750173313
R4_8,29,0.9736936356432002,1,74.67018811727982,0,1099.8593750173313
R4_8,30,0.9736936356432002,1,74.67018811727982,0,1099.8593750173313
R4_8,31,0.9090909090909092,1,69.7159627141712,1,1099.8593750173313
R4_8,32,0.9090909090909092,1,69.7159627141712,1,1099.8593750173313
R4_8,33,0.9090909090909092,1,69.7159627141712,1,1099.8593750173313
R4_8,34,0.9090909090909092,1,69.7159627141712,1,1099.8593750173313
R4_8,35,1.2266998660924857,1,94.0726183385808,0,1099.8593750173313
R4_8,36,1.2077110243852296,1,92.61641042008762,0,1099.8593750173313
R4_8,37,1.0,0,0.0,0,1099.8593750173313
R4_8,38,1.2240429886938191,1,93.8688688963531,0,1099.8593750173313
R4_8,39,0.9090909090909092,1,69.7159627141712,1,1099.8593750173313
R4_8,40,0.9736936356432002,1,74.67018811727982,0,1099.8593750173313
R4_8,41,0.9090909090909092,1,69.7159627141712,1,1099.8593750173313
R4_8,42,1.2266998660924857,1,94.0726183385808,0,1099.8593750173313
R4_8,43,0.9736936356432002,1,74.67018811727982,0,1099.8593750173313
R4_8,44,0.9736936356432002,1,74.67018811727982,0,1099.8593750173313
R4_8,45,0.9090909090909092,1,69.7159627141712,1,1099.8593750173313
R4_8,46,0.9736936356432002,1,74.67018811727982,0,1099.8593750173313
R4_8,47,0.9736936356432002,1,74.67018811727982,0,1099.8593750173313
R4_8,48,1.0,0,0.0,0,1099.8593750173313
R4_8,49,0.9736936356432002,1,74.67018811727982,0,1099.8593750173313
R4_8,50,1.2077110243852296,1,92.61641042008762,0,1099.8593750173313
R4_8,51,1.2266998660924857,1,94.0726183385808,0,1099.8593750173313
R4_8,52,1.0,0,0.0,0,1099.8593750173313
R4_8,53,1.0,0,0.0,0,1099.8593750173313
R4_8,54,1.0,0,0.0,0,1099.8593750173313
R4_8,55,1.0,0,0.0,0,1099.8593750173313
R4_8,56,0.9090909090909092,1,69.7159627141712,1,1099.8593750173313
R4_8,57,0.9090909090909092,1,69.7159627141712,1,1099.8593750173313
R4_8,58,1.0,0,0.0,0,1099.8593750173313
R4_8,59,1.2266998660924857,1,94.0726183385808,0,1099.8593750173313
R4_8,60,0.9090909090909092,1,69.7159627141712,1,1099.8593750173313
R4_8,61,1.0,0,0.0,0,1099.8593750173313
R4_8,62,1.0,0,0.0,0,1099.8593750173313
R4_8,63,0.9090909090909092,1,69.7159627141712,1,1099.8593750173313
R4_8,64,1.2077110243852296,1,92.61641042008762,0,1099.8593750173313
R4_9,1,0.9090909090909092,1,65.37323355911866,1,1080.3312500229367
R4_9,2,0.9675689190720469,1,69.57841982414492,0,1080.3312500229367
R4_9,3,0.9675689190720469,1,69.57841982414492,0,1080.3312500229367
R4_9,4,1.1939689327763716,1,85.85897089519356,0,1080.3312500229367
R4_9,5,1.1641103396360375,1,83.71182283377283,0,1080.3312500229367
R4_9,6,1.0,0,0.0,0,1080.3312500229367
R4_9,7,0.9090909090909092,1,65.37323355911866,1,1080.3312500229367
R4_9,8,1.1787486994689242,1,84.7644754416783,0,1080.3312500229367
R4_9,9,1.0,0,0.0,0,1080.3312500229367
R4_9,10,1.1641103396360375,1,83.71182283377283,0,1080.3312500229367
R4_9,11,1.1939689327763716,1,85.85897089519356,0,1080.3312500229367
R4_9,12,1.0,0,0.0,0,1080.3312500229367
R4_9,13,0.9090909090909092,1,65.37323355911866,1,1080.3312500229367
R4_9,14,0.9090909090909092,1,65.37323355911866,1,1080.3312500229367
R4_9,15,1.0,0,0.0,0,1080.3312500229367
R4_9,16,0.9090909090909092,1,65.37323355911866,1,1080.3312500229367
R4_9,17,0.9090909090909092,1,65.37323355911866,1,1080.3312500229367
R4_9,18,0.9090909090909092,1,65.37323355911866,1,1080.3312500229367
R4_9,19,1.1641103396360375,1,83.71182283377283,0,1080.3312500229367
R4_9,20,1.1787486994689242,1,84.7644754416783,0,1080.3312500229367
R4_9,21,0.9675689190720469,1,69.57841982414492,0,1080.3312500229367
R4_9,22,1.0,0,0.0,0,1080.3312500229367
R4_9,23,1.0,0,0.0,0,1080.3312500229367
R4_9,24,1.1939689327763716,1,85.85897089519356,0,1080.3312500229367
R4_9,25,0.9090909090909092,1,65.37323355911866,1,1080.3312500229367
R4_9,26,0.9675689190720469,1,69.57841982414492,0,1080.3312500229367
R4_9,27,1.1641103396360375,1,83.71182283377283,0,1080.3312500229367
R4_9,28,0.9090909090909092,1,65.37323355911866,1,1080.3312500229367
R4_9,29,0.9090909090909092,1,65.37323355911866,1,1080.3312500229367
R4_9,30,0.9090909090909092,1,65.37323355911866,1,1080.3312500229367
R4_9,31,0.9090909090909092,1,65.37323355911866,1,1080.3312500229367
R4_9,32,0.9675689190720469,1,69.57841982414492,0,1080.3312500229367
R4_9,33,1.1641103396360375,1,83.71182283377283,0,1080.3312500229367
R4_9,34,1.0,0,0.0,0,1080.3312500229367
R4_9,35,0.9675689190720469,1,69.57841982414492,0,1080.3312500229367
R4_9,36,0.9675689190720469,1,69.57841982414492,0,1080.3312500229367
R4_9,37,1.1787486994689242,1,84.7644754416783,0,1080.3312500229367
R4_9,38,1.1641103396360375,1,83.71182283377283,0,1080.3312500229367
R4_9,39,0.9675689190720469,1,69.57841982414492,0,1080.3312500229367
R4_9,40,0.9675689190720469,1,69.57841982414492,0,1080.3312500229367
R4_9,41,1.1787486994689242,1,84.7644754416783,0,1080.3312500229367
R4_9,42,1.0,0,0.0,0,1080.3312500229367
R4_9,43,0.9090909090909092,1,65.37323355911866,1,1080.3312500229367
R4_9,44,0.9675689190720469,1,69.57841982414492,0,1080.3312500229367
R4_9,45,0.9090909090909092,1,65.37323355911866,1,1080.3312500229367
R4_9,46,0.9675689190720469,1,69.57841982414492,0,1080.3312500229367
R4_9,47,1.1939689327763716,1,85.85897089519356,0,1080.3312500229367
R4_9,48,0.9090909090909092,1,65.37323355911866,1,1080.3312500229367
R4_9,49,0.9090909090909092,1,65.37323355911866,1,1080.3312500229367
R4_9,50,1.1939689327763716,1,85.85897089519356,0,1080.3312500229367
R4_9,51,0.9090909090909092,1,65.37323355911866,1,1080.3312500229367
R4_9,52,0.9090909090909092,1,65.37323355911866,1,1080.3312500229367
R4_9,53,0.9675689190720469,1,69.57841982414492,0,1080.3312500229367
R4_9,54,0.9675689190720469,1,69.57841982414492,0,1080.3312500229367
R4_9,55,0.9090909090909092,1,65.37323355911866,1,1080.3312500229367
R4_9,56,1.0,0,0.0,0,1080.3312500229367
R4_9,57,0.9090909090909092,1,65.37323355911866,1,1080.3312500229367
R4_9,58,1.1641103396360375,1,83.71182283377283,0,1080.3312500229367
R4_9,59,0.9675689190720469,1,69.57841982414492,0,1080.3312500229367
R4_9,60,0.9090909090909092,1,65.37323355911866,1,1080.3312500229367
R4_9,61,0.9090909090909092,1,65.37323355911866,1,1080.3312500229367
R4_9,62,0.9090909090909092,1,65.37323355911866,1,1080.3312500229367
R4_9,63,0.9090909090909092,1,65.37323355911866,1,1080.3312500229367
R4_9,64,0.9090909090909092,1,65.37323355911866,1,1080.3312500229367
R5_0,1,0.8883713212589495,1,92.61702229803771,1,2490.0374999106134
R5_0,2,1.0009187922160958,1,104.35064243837914,0,2490.0374999106134
R5_0,3,1.0661393245012132,1,111.150199502401,0,2490.0374999106134
R5_0,4,0.8883713212589495,1,92.61702229803771,1,2490.0374999106134
R5_0,5,1.0009187922160958,1,104.35064243837914,0,2490.0374999106134
R5_0,6,0.9288730299190275,1,96.83952201669486,0,2490.0374999106134
R5_0,7,0.9787480295509452,1,102.03923281609099,0,2490.0374999106134
R5_0,8,0.9536016124033857,1,99.41759677051188,0,2490.0374999106134
R5_0,9,0.8883713212589495,1,92.61702229803771,1,2490.0374999106134
R5_0,10,0.9681892403501582,1,100.93842779070636,0,2490.0374999106134
R5_0,11,0.9681892403501582,1,100.93842779070636,0,2490.0374999106134
R5_0,12,0.9090909090909083,1,94.77713990012246,0,2490.0374999106134
R5_0,13,0.9681892403501582,1,100.93842779070636,0,2490.0374999106134
R5_0,14,0.9090909090909083,1,94.77713990012246,0,2490.0374999106134
R5_0,15,0.9536016124033857,1,99.41759677051188,0,2490.0374999106134
R5_0,16,0.9288730299190275,1,96.83952201669486,0,2490.0374999106134
R5_0,17,0.9288730299190275,1,96.83952201669486,0,2490.0374999106134
R5_0,18,0.9787480295509452,1,102.03923281609099,0,2490.0374999106134
R5_0,19,0.9090909090909083,1,94.77713990012246,0,2490.0374999106134
R5_0,20,0.9090909090909083,1,94.77713990012246,0,2490.0374999106134
R5_0,21,0.9787480295509452,1,102.03923281609099,0,2490.0374999106134
R5_0,22,0.9681892403501582,1,100.93842779070636,0,2490.0374999106134
R5_0,23,0.8883713212589495,1,92.61702229803771,1,2490.0374999106134
R5_0,24,0.9787480295509452,1,102.03923281609099,0,2490.0374999106134
R5_0,25,1.572455464447057,0,59.68126080453709,0,2490.0374999106134
R5_0,26,1.026422580291638,1,107.00953613783985,0,2490.0374999106134
R5_0,27,0.9090909090909083,1,94.77713990012246,0,2490.0374999106134
R5_0,28,1.0009187922160958,1,104.35064243837914,0,2490.0374999106134
R5_0,29,0.9288730299190275,1,96.83952201669486,0,2490.0374999106134
R5_0,30,1.1646456690957283,1,121.41996406535345,0,2490.0374999106134
R5_0,31,1.0009187922160958,1,104.35064243837914,0,2490.0374999106134
R5_0,32,0.8883713212589495,1,92.61702229803771,1,2490.0374999106134
R5_0,33,0.9288730299190275,1,96.83952201669486,0,2490.0374999106134
R5_0,34,0.8883713212589495,1,92.61702229803771,1,2490.0374999106134
R5_0,35,0.9868776658534646,1,102.88678686099014,0,2490.0374999106134
R5_0,36,1.026422580291638,1,107.00953613783985,0,2490.0374999106134
R5_0,37,0.9681892403501582,1,100.93842779070636,0,2490.0374999106134
R5_0,38,0.9090909090909083,1,94.77713990012246,0,2490.0374999106134
R5_0,39,0.9434606578658,1,98.36035303688934,0,2490.0374999106134
R5_0,40,1.0009187922160958,1,104.35064243837914,0,2490.0374999106134
R5_0,41,0.8883713212589495,1,92.61702229803771,1,2490.0374999106134
R5_0,42,0.9288730299190275,1,96.83952201669486,0,2490.0374999106134
R5_0,43,0.8883713212589495,1,92.61702229803771,1,2490.0374999106134
R5_0,44,1.0,0,0.0,0,2490.0374999106134
R5_0,45,0.9288730299190275,1,96.83952201669486,0,2490.0374999106134
R5_0,46,0.9288730299190275,1,96.83952201669486,0,2490.0374999106134
R5_0,47,0.9288730299190275,1,96.83952201669486,0,2490.0374999106134
R5_0,48,1.014455779108121,1,105.7619390289199,0,2490.0374999106134
R5_0,49,0.8883713212589495,1,92.61702229803771,1,2490.0374999106134
R5_0,50,1.0661393245012132,1,111.150199502401,0,2490.0374999106134
R5_0,51,0.9536016124033857,1,99.41759677051188,0,2490.0374999106134
R5_0,52,0.9868776658534646,1,102.88678686099014,0,2490.0374999106134
R5_0,53,0.9090909090909083,1,94.77713990012246,0,2490.0374999106134
R5_0,54,0.9288730299190275,1,96.83952201669486,0,2490.0374999106134
R5_0,55,0.9434606578658,1,98.36035303688934,0,2490.0374999106134
R5_0,56,1.014455779108121,1,105.7619390289199,0,2490.0374999106134
R5_0,57,1.0009187922160958,1,104.35064243837914,0,2490.0374999106134
R5_0,58,1.0009187922160958,1,104.35064243837914,0,2490.0374999106134
R5_0,59,0.9090909090909083,1,94.77713990012246,0,2490.0374999106134
R5_0,60,1.014455779108121,1,105.7619390289199,0,2490.0374999106134
R5_0,61,0.9434606578658,1,98.36035303688934,0,2490.0374999106134
R5_0,62,0.9434606578658,1,98.36035303688934,0,2490.0374999106134
R5_0,63,0.9090909090909083,1,94.77713990012246,0,2490.0374999106134
R5_0,64,0.9681892403501582,1,100.93842779070636,0,2490.0374999106134
R5_1,1,1.2705029562369887,1,132.783630040569,0,2466.276562472558
R5_1,2,1.0627992148037526,1,111.0759617308478,0,2466.276562472558
R5_1,3,0.9090909090909092,1,95.01149946435478,1,2466.276562472558
R5_1,4,1.0,0,0.0,0,2466.276562472558
R5_1,5,1.0002131871426005,1,104.53493016388364,0,2466.276562472558
R5_1,6,1.153921492855444,1,120.59939243037667,0,2466.276562472558
R5_1,7,1.0002131871426005,1,104.53493016388364,0,2466.276562472558
R5_1,8,1.0955717039360007,1,114.50110139784535,0,2466.276562472558
R5_1,9,1.0627992148037526,1,111.0759617308478,0,2466.276562472558
R5_1,10,0.9090909090909092,1,95.01149946435478,1,2466.276562472558
R5_1,11,1.0002131871426005,1,104.53493016388364,0,2466.276562472558
R5_1,12,1.0,0,0.0,0,2466.276562472558
R5_1,13,1.0826406686775591,1,113.1496446433612,0,2466.276562472558
R5_1,14,0.9090909090909092,1,95.01149946435478,1,2466.276562472558
R5_1,15,0.9090909090909092,1,95.01149946435478,1,2466.276562472558
R5_1,16,1.0002131871426005,1,104.53493016388364,0,2466.276562472558
R5_1,17,1.0826406686775591,1,113.1496446433612,0,2466.276562472558
R5_1,18,1.1649734658174022,1,121.75446340584743,0,2466.276562472558
R5_1,19,1.0826406686775591,1,113.1496446433612,0,2466.276562472558
R5_1,20,1.0002131871426005,1,104.53493016388364,0,2466.276562472558
R5_1,21,1.0002131871426005,1,104.53493016388364,0,2466.276562472558
R5_1,22,1.0002131871426005,1,104.53493016388364,0,2466.276562472558
R5_1,23,1.0778006032134941,1,112.6437965783902,0,2466.276562472558
R5_1,24,1.1649734658174022,1,121.75446340584743,0,2466.276562472558
R5_1,25,1.0778006032134941,1,112.6437965783902,0,2466.276562472558
R5_1,26,1.2672679867384398,1,132.4455348075125,0,2466.276562472558
R5_1,27,0.9090909090909092,1,95.01149946435478,1,2466.276562472558
R5_1,28,0.9090909090909092,1,95.01149946435478,1,2466.276562472558
R5_1,29,1.0826406686775591,1,113.1496446433612,0,2466.276562472558
R5_1,30,1.2705029562369887,1,132.783630040569,0,2466.276562472558
R5_1,31,1.153921492855444,1,120.59939243037667,0,2466.276562472558
R5_1,32,1.215342904169347,1,127.01870685734261,0,2466.276562472558
R5_1,33,1.0,0,0.0,0,2466.276562472558
R5_1,34,1.0955717039360007,1,114.50110139784535,0,2466.276562472558
R5_1,35,1.0,0,0.0,0,2466.276562472558
R5_1,36,1.0955717039360007,1,114.50110139784535,0,2466.276562472558
R5_1,37,1.0002131871426005,1,104.53493016388364,0,2466.276562472558
R5_1,38,1.0778006032134941,1,112.6437965783902,0,2466.276562472558
R5_1,39,1.0778006032134941,1,112.6437965783902,0,2466.276562472558
R5_1,40,1.2280732947494881,1,128.34919370490732,0,2466.276562472558
R5_1,41,1.0002131871426005,1,104.53493016388364,0,2466.276562472558
R5_1,42,1.0,0,0.0,0,2466.276562472558
R5_1,43,0.9090909090909092,1,95.01149946435478,1,2466.276562472558
R5_1,44,1.0778006032134941,1,112.6437965783902,0,2466.276562472558
R5_1,45,1.0778006032134941,1,112.6437965783902,0,2466.276562472558
R5_1,46,1.2280732947494881,1,128.34919370490732,0,2466.276562472558
R5_1,47,1.0955717039360007,1,114.50110139784535,0,2466.276562472558
R5_1,48,1.0,0,0.0,0,2466.276562472558
R5_1,49,1.0778006032134941,1,112.6437965783902,0,2466.276562472558
R5_1,50,1.2672679867384398,1,132.4455348075125,0,2466.276562472558
R5_1,51,1.0955717039360007,1,114.50110139784535,0,2466.276562472558
R5_1,52,0.9090909090909092,1,95.01149946435478,1,2466.276562472558
R5_1,53,1.153921492855444,1,120.59939243037667,0,2466.276562472558
R5_1,54,1.0778006032134941,1,112.6437965783902,0,2466.276562472558
R5_1,55,1.0002131871426005,1,104.53493016388364,0,2466.276562472558
R5_1,56,0.9090909090909092,1,95.01149946435478,1,2466.276562472558
R5_1,57,1.0,0,0.0,0,2466.276562472558
R5_1,58,1.0778006032134941,1,112.6437965783902,0,2466.276562472558
R5_1,59,1.1649734658174022,1,121.75446340584743,0,2466.276562472558
R5_1,60,1.0627992148037526,1,111.0759617308478,0,2466.276562472558
R5_1,61,1.0,0,0.0,0,2466.276562472558
R5_1,62,1.2672679867384398,1,132.4455348075125,0,2466.276562472558
R5_1,63,1.0955717039360007,1,114.50110139784535,0,2466.276562472558
R5_1,64,1.0,0,0.0,0,2466.276562472558
R5_2,1,1.1562268153297222,1,176.03646073127246,0,2173.915625007794
R5_2,2,0.9330498026238256,1,142.05758140375852,0,2173.915625007794
R5_2,3,1.0,0,0.0,0,2173.915625007794
R5_2,4,1.1070484317385727,1,168.54901235428412,0,2173.915625007794
R5_2,5,0.9090909090909101,1,138.40982063169125,1,2173.915625007794
R5_2,6,1.1724834170055303,1,178.51154138550493,0,2173.915625007794
R5_2,7,1.313448413436685,1,199.97357524402622,0,2173.915625007794
R5_2,8,1.1070484317385727,1,168.54901235428412,0,2173.915625007794
R5_2,9,0.9090909090909101,1,138.40982063169125,1,2173.915625007794
R5_2,10,1.0717077537188473,1,163.1683657580002,0,2173.915625007794
R5_2,11,1.3132934790606265,1,199.9499863609063,0,2173.915625007794
R5_2,12,0.9090909090909101,1,138.40982063169125,1,2173.915625007794
R5_2,13,1.3733332178066089,1,209.091084778572,0,2173.915625007794
R5_2,14,1.0333625644929398,1,157.3302799188696,0,2173.915625007794
R5_2,15,1.0,0,0.0,0,2173.915625007794
R5_2,16,1.2832698610881437,1,195.37886642479188,0,2173.915625007794
R5_2,17,1.0333625644929398,1,157.3302799188696,0,2173.915625007794
R5_2,18,0.9090909090909101,1,138.40982063169125,1,2173.915625007794
R5_2,19,1.1724834170055303,1,178.51154138550493,0,2173.915625007794
R5_2,20,1.1562268153297222,1,176.03646073127246,0,2173.915625007794
R5_2,21,0.9330498026238256,1,142.05758140375852,0,2173.915625007794
R5_2,22,1.139449784321938,1,173.48214429350065,0,2173.915625007794
R5_2,23,1.1070484317385727,1,168.54901235428412,0,2173.915625007794
R5_2,24,1.1562268153297222,1,176.03646073127246,0,2173.915625007794
R5_2,25,1.1562268153297222,1,176.03646073127246,0,2173.915625007794
R5_2,26,1.0,0,0.0,0,2173.915625007794
R5_2,27,1.0,0,0.0,0,2173.915625007794
R5_2,28,1.313448413436685,1,199.97357524402622,0,2173.915625007794
R5_2,29,1.0333625644929398,1,157.3302799188696,0,2173.915625007794
R5_2,30,1.0333625644929398,1,157.3302799188696,0,2173.915625007794
R5_2,31,1.1070484317385727,1,168.54901235428412,0,2173.915625007794
R5_2,32,0.9330498026238256,1,142.05758140375852,0,2173.915625007794
R5_2,33,1.0717077537188473,1,163.1683657580002,0,2173.915625007794
R5_2,34,1.2804984707317528,1,194.95692001845077,0,2173.915625007794
R5_2,35,0.9330498026238256,1,142.05758140375852,0,2173.915625007794
R5_2,36,1.2804984707317528,1,194.95692001845077,0,2173.915625007794
R5_2,37,0.9090909090909101,1,138.40982063169125,1,2173.915625007794
R5_2,38,1.0717077537188473,1,163.1683657580002,0,2173.915625007794
R5_2,39,1.0,0,0.0,0,2173.915625007794
R5_2,40,0.9090909090909101,1,138.40982063169125,1,2173.915625007794
R5_2,41,1.1562268153297222,1,176.03646073127246,0,2173.915625007794
R5_2,42,1.139449784321938,1,173.48214429350065,0,2173.915625007794
R5_2,43,1.2832698610881437,1,195.37886642479188,0,2173.915625007794
R5_2,44,1.1724834170055303,1,178.51154138550493,0,2173.915625007794
R5_2,45,1.1724834170055303,1,178.51154138550493,0,2173.915625007794
R5_2,46,0.9090909090909101,1,138.40982063169125,1,2173.915625007794
R5_2,47,1.139449784321938,1,173.48214429350065,0,2173.915625007794
R5_2,48,0.9330498026238256,1,142.05758140375852,0,2173.915625007794
R5_2,49,1.1070484317385727,1,168.54901235428412,0,2173.915625007794
R5_2,50,0.9330498026238256,1,142.05758140375852,0,2173.915625007794
R5_2,51,0.9090909090909101,1,138.40982063169125,1,2173.915625007794
R5_2,52,1.0,0,0.0,0,2173.915625007794
R5_2,53,1.3218373836636206,0,49.0,0,2173.915625007794
R5_2,54,0.9330498026238256,1,142.05758140375852,0,2173.915625007794
R5_2,55,0.9090909090909101,1,138.40982063169125,1,2173.915625007794
R5_2,56,0.9090909090909101,1,138.40982063169125,1,2173.915625007794
R5_2,57,0.9090909090909101,1,138.40982063169125,1,2173.915625007794
R5_2,58,0.9090909090909101,1,138.40982063169125,1,2173.915625007794
R5_2,59,0.9330498026238256,1,142.05758140375852,0,2173.915625007794
R5_2,60,1.0,0,0.0,0,2173.915625007794
R5_2,61,1.0,0,0.0,0,2173.915625007794
R5_2,62,1.0,0,0.0,0,2173.915625007794
R5_2,63,1.0,0,0.0,0,2173.915625007794
R5_2,64,1.3733332178066089,1,209.091084778572,0,2173.915625007794
R5_3,1,1.084312042305804,1,119.81709069787627,0,2425.6156248156913
R5_3,2,1.084312042305804,1,119.81709069787627,0,2425.6156248156913
R5_3,3,1.1881764720428825,1,131.29416861691038,0,2425.6156248156913
R5_3,4,1.084312042305804,1,119.81709069787627,0,2425.6156248156913
R5_3,5,1.126272030078706,1,124.45369295305039,0,2425.6156248156913
R5_3,6,1.0,0,0.0,0,2425.6156248156913
R5_3,7,1.0,0,0.0,0,2425.6156248156913
R5_3,8,0.9090909090909083,1,100.45505689997738,1,2425.6156248156913
R5_3,9,1.367453576047521,1,151.10438946892438,0,2425.6156248156913
R5_3,10,0.9090909090909083,1,100.45505689997738,1,2425.6156248156913
R5_3,11,1.1424490133730094,1,126.24125870807961,0,2425.6156248156913
R5_3,12,1.0533251699983754,1,116.39302387500177,0,2425.6156248156913
R5_3,13,0.9090909090909083,1,100.45505689997738,1,2425.6156248156913
R5_3,14,1.2256300043467405,1,135.4328050074685,0,2425.6156248156913
R5_3,15,1.1881764720428825,1,131.29416861691038,0,2425.6156248156913
R5_3,16,1.2442240594154557,1,137.48745855339044,0,2425.6156248156913
R5_3,17,1.0533251699983754,1,116.39302387500177,0,2425.6156248156913
R5_3,18,1.0,0,0.0,0,2425.6156248156913
R5_3,19,0.9090909090909083,1,100.45505689997738,1,2425.6156248156913
R5_3,20,1.1082513731717718,1,122.46240022659326,0,2425.6156248156913
R5_3,21,1.3167404688234166,0,35.0,0,2425.6156248156913
R5_3,22,1.084312042305804,1,119.81709069787627,0,2425.6156248156913
R5_3,23,1.0,0,0.0,0,2425.6156248156913
R5_3,24,1.084312042305804,1,119.81709069787627,0,2425.6156248156913
R5_3,25,0.9510508968638103,1,105.09165915515148,0,2425.6156248156913
R5_3,26,1.0533251699983754,1,116.39302387500177,0,2425.6156248156913
R5_3,27,0.9510508968638103,1,105.09165915515148,0,2425.6156248156913
R5_3,28,1.1082513731717718,1,122.46240022659326,0,2425.6156248156913
R5_3,29,0.9090909090909083,1,100.45505689997738,1,2425.6156248156913
R5_3,30,0.9090909090909083,1,100.45505689997738,1,2425.6156248156913
R5_3,31,1.0533251699983754,1,116.39302387500177,0,2425.6156248156913
R5_3,32,1.084312042305804,1,119.81709069787627,0,2425.6156248156913
R5_3,33,1.084312042305804,1,119.81709069787627,0,2425.6156248156913
R5_3,34,0.9090909090909083,1,100.45505689997738,1,2425.6156248156913
R5_3,35,0.9090909090909083,1,100.45505689997738,1,2425.6156248156913
R5_3,36,0.9090909090909083,1,100.45505689997738,1,2425.6156248156913
R5_3,37,1.1424490133730094,1,126.24125870807961,0,2425.6156248156913
R5_3,38,1.1424490133730094,1,126.24125870807961,0,2425.6156248156913
R5_3,39,1.0533251699983754,1,116.39302387500177,0,2425.6156248156913
R5_3,40,1.2256300043467405,1,135.4328050074685,0,2425.6156248156913
R5_3,41,1.379568619417574,1,152.44310857711724,0,2425.6156248156913
R5_3,42,1.1424490133730094,1,126.24125870807961,0,2425.6156248156913
R5_3,43,0.9510508968638103,1,105.09165915515148,0,2425.6156248156913
R5_3,44,1.0,0,0.0,0,2425.6156248156913
R5_3,45,1.0,0,0.0,0,2425.6156248156913
R5_3,46,1.0,0,0.0,0,2425.6156248156913
R5_3,47,0.9090909090909083,1,100.45505689997738,1,2425.6156248156913
R5_3,48,1.0,0,0.0,0,2425.6156248156913
R5_3,49,0.9510508968638103,1,105.09165915515148,0,2425.6156248156913
R5_3,50,0.9090909090909083,1,100.45505689997738,1,2425.6156248156913
R5_3,51,1.0533251699983754,1,116.39302387500177,0,2425.6156248156913
R5_3,52,1.0533251699983754,1,116.39302387500177,0,2425.6156248156913
R5_3,53,0.9510508968638103,1,105.09165915515148,0,2425.6156248156913
R5_3,54,1.126272030078706,1,124.45369295305039,0,2425.6156248156913
R5_3,55,1.2442240594154557,1,137.48745855339044,0,2425.6156248156913
R5_3,56,1.126272030078706,1,124.45369295305039,0,2425.6156248156913
R5_3,57,1.0,0,0.0,0,2425.6156248156913
R5_3,58,1.084312042305804,1,119.81709069787627,0,2425.6156248156913
R5_3,59,1.0,0,0.0,0,2425.6156248156913
R5_3,60,1.3860476311162353,1,153.15904301484633,0,2425.6156248156913
R5_3,61,0.9090909090909083,1,100.45505689997738,1,2425.6156248156913
R5_3,62,1.0533251699983754,1,116.39302387500177,0,2425.6156248156913
R5_3,63,0.9510508968638103,1,105.09165915515148,0,2425.6156248156913
R5_3,64,1.1881764720428825,1,131.29416861691038,0,2425.6156248156913
R5_4,1,1.1226227461317126,1,114.15192483782249,0,2210.112500051764
R5_4,2,1.0,0,0.0,0,2210.112500051764
R5_4,3,1.0820664265521316,1,110.02802661796251,0,2210.112500051764
R5_4,4,0.9856474516188083,1,100.2238322726634,0,2210.112500051764
R5_4,5,1.108600587890809,1,112.72610627224016,0,2210.112500051764
R5_4,6,0.9090909090909083,1,92.43931452740914,1,2210.112500051764
R5_4,7,1.1226227461317126,1,114.15192483782249,0,2210.112500051764
R5_4,8,1.0,0,0.0,0,2210.112500051764
R5_4,9,0.9090909090909083,1,92.43931452740914,1,2210.112500051764
R5_4,10,0.9090909090909083,1,92.43931452740914,1,2210.112500051764
R5_4,11,1.335639015824313,1,135.8121105867491,0,2210.112500051764
R5_4,12,0.9856474516188083,1,100.2238322726634,0,2210.112500051764
R5_4,13,1.0988506439374355,1,111.73470032293655,0,2210.112500051764
R5_4,14,1.2474868842450153,1,126.84851570769686,0,2210.112500051764
R5_4,15,0.9856474516188083,1,100.2238322726634,0,2210.112500051764
R5_4,16,1.1226227461317126,1,114.15192483782249,0,2210.112500051764
R5_4,17,0.9090909090909083,1,92.43931452740914,1,2210.112500051764
R5_4,18,1.0,0,0.0,0,2210.112500051764
R5_4,19,0.9090909090909083,1,92.43931452740914,1,2210.112500051764
R5_4,20,1.0,0,0.0,0,2210.112500051764
R5_4,21,1.0820664265521316,1,110.02802661796251,0,2210.112500051764
R5_4,22,1.0,0,0.0,0,2210.112500051764
R5_4,23,1.4169485868421798,1,144.07993169709934,0,2210.112500051764
R5_4,24,1.1226227461317126,1,114.15192483782249,0,2210.112500051764
R5_4,25,1.2474868842450153,1,126.84851570769686,0,2210.112500051764
R5_4,26,1.3462481164204894,1,136.89087837229826,0,2210.112500051764
R5_4,27,1.0,0,0.0,0,2210.112500051764
R5_4,28,1.0,0,0.0,0,2210.112500051764
R5_4,29,0.9856474516188083,1,100.2238322726634,0,2210.112500051764
R5_4,30,0.9090909090909083,1,92.43931452740914,1,2210.112500051764
R5_4,31,0.9090909090909083,1,92.43931452740914,1,2210.112500051764
R5_4,32,1.1226227461317126,1,114.15192483782249,0,2210.112500051764
R5_4,33,1.3221324249316133,1,134.43871658265354,0,2210.112500051764
R5_4,34,1.1226227461317126,1,114.15192483782249,0,2210.112500051764
R5_4,35,1.0820664265521316,1,110.02802661796251,0,2210.112500051764
R5_4,36,1.0,0,0.0,0,2210.112500051764
R5_4,37,1.0988506439374355,1,111.73470032293655,0,2210.112500051764
R5_4,38,1.0,0,0.0,0,2210.112500051764
R5_4,39,0.9856474516188083,1,100.2238322726634,0,2210.112500051764
R5_4,40,0.9856474516188083,1,100.2238322726634,0,2210.112500051764
R5_4,41,0.9856474516188083,1,100.2238322726634,0,2210.112500051764
R5_4,42,0.9856474516188083,1,100.2238322726634,0,2210.112500051764
R5_4,43,1.0820664265521316,1,110.02802661796251,0,2210.112500051764
R5_4,44,1.2474868842450153,1,126.84851570769686,0,2210.112500051764
R5_4,45,0.9090909090909083,1,92.43931452740914,1,2210.112500051764
R5_4,46,0.9090909090909083,1,92.43931452740914,1,2210.112500051764
R5_4,47,0.9090909090909083,1,92.43931452740914,1,2210.112500051764
R5_4,48,1.0820664265521316,1,110.02802661796251,0,2210.112500051764
R5_4,49,0.9090909090909083,1,92.43931452740914,1,2210.112500051764
R5_4,50,1.0,0,0.0,0,2210.112500051764
R5_4,51,1.0,0,0.0,0,2210.112500051764
R5_4,52,0.9090909090909083,1,92.43931452740914,1,2210.112500051764
R5_4,53,1.0,0,0.0,0,2210.112500051764
R5_4,54,1.3221324249316133,1,134.43871658265354,0,2210.112500051764
R5_4,55,1.4169485868421798,1,144.07993169709934,0,2210.112500051764
R5_4,56,0.9856474516188083,1,100.2238322726634,0,2210.112500051764
R5_4,57,1.108600587890809,1,112.72610627224016,0,2210.112500051764
R5_4,58,1.2474868842450153,1,126.84851570769686,0,2210.112500051764
R5_4,59,1.4228818581223712,0,42.99999999999999,0,2210.112500051764
R5_4,60,1.0,0,0.0,0,2210.112500051764
R5_4,61,0.9856474516188083,1,100.2238322726634,0,2210.112500051764
R5_4,62,1.4488422081429393,1,147.32297863702223,0,2210.112500051764
R5_4,63,1.0,0,0.0,0,2210.112500051764
R5_4,64,1.1226227461317126,1,114.15192483782249,0,2210.112500051764
R5_5,1,0.9062771553598994,1,74.98394884497074,0,2252.26249995103
R5_5,2,0.9062771553598994,1,74.98394884497074,0,2252.26249995103
R5_5,3,0.9090909090909092,1,75.21675441066392,0,2252.26249995103
R5_5,4,1.2828272826124314,1,106.13911513431444,0,2252.26249995103
R5_5,5,1.2828272826124314,1,106.13911513431444,0,2252.26249995103
R5_5,6,1.0,0,0.0,0,2252.26249995103
R5_5,7,1.0,0,0.0,0,2252.26249995103
R5_5,8,1.2406517326103614,1,102.64957634901012,0,2252.26249995103
R5_5,9,0.9062771553598994,1,74.98394884497074,0,2252.26249995103
R5_5,10,0.9090909090909092,1,75.21675441066392,0,2252.26249995103
R5_5,11,0.900987142672208,1,74.54626150129539,1,2252.26249995103
R5_5,12,0.9062771553598994,1,74.98394884497074,0,2252.26249995103
R5_5,13,0.9143809217786005,1,75.65444175433927,0,2252.26249995103
R5_5,14,0.9090909090909092,1,75.21675441066392,0,2252.26249995103
R5_5,15,0.900987142672208,1,74.54626150129539,1,2252.26249995103
R5_5,16,0.9143809217786005,1,75.65444175433927,0,2252.26249995103
R5_5,17,0.900987142672208,1,74.54626150129539,1,2252.26249995103
R5_5,18,0.900987142672208,1,74.54626150129539,1,2252.26249995103
R5_5,19,1.3112088188079492,1,108.48735887591165,0,2252.26249995103
R5_5,20,1.3112088188079492,1,108.48735887591165,0,2252.26249995103
R5_5,21,0.9143809217786005,1,75.65444175433927,0,2252.26249995103
R5_5,22,1.0,0,0.0,0,2252.26249995103
R5_5,23,1.268086830373008,1,104.91951326072025,0,2252.26249995103
R5_5,24,0.9062771553598994,1,74.98394884497074,0,2252.26249995103
R5_5,25,0.900987142672208,1,74.54626150129539,1,2252.26249995103
R5_5,26,0.9090909090909092,1,75.21675441066392,0,2252.26249995103
R5_5,27,0.9090909090909092,1,75.21675441066392,0,2252.26249995103
R5_5,28,0.9062771553598994,1,74.98394884497074,0,2252.26249995103
R5_5,29,0.9062771553598994,1,74.98394884497074,0,2252.26249995103
R5_5,30,0.900987142672208,1,74.54626150129539,1,2252.26249995103
R5_5,31,1.2406517326103614,1,102.64957634901012,0,2252.26249995103
R5_5,32,0.900987142672208,1,74.54626150129539,1,2252.26249995103
R5_5,33,0.900987142672208,1,74.54626150129539,1,2252.26249995103
R5_5,34,1.0,0,0.0,0,2252.26249995103
R5_5,35,0.9090909090909092,1,75.21675441066392,0,2252.26249995103
R5_5,36,0.900987142672208,1,74.54626150129539,1,2252.26249995103
R5_5,37,0.900987142672208,1,74.54626150129539,1,2252.26249995103
R5_5,38,0.9090909090909092,1,75.21675441066392,0,2252.26249995103
R5_5,39,0.9090909090909092,1,75.21675441066392,0,2252.26249995103
R5_5,40,0.900987142672208,1,74.54626150129539,1,2252.26249995103
R5_5,41,1.0,0,0.0,0,2252.26249995103
R5_5,42,0.9143809217786005,1,75.65444175433927,0,2252.26249995103
R5_5,43,1.0,0,0.0,0,2252.26249995103
R5_5,44,0.9062771553598994,1,74.98394884497074,0,2252.26249995103
R5_5,45,1.0,0,0.0,0,2252.26249995103
R5_5,46,0.9090909090909092,1,75.21675441066392,0,2252.26249995103
R5_5,47,0.9090909090909092,1,75.21675441066392,0,2252.26249995103
R5_5,48,0.900987142672208,1,74.54626150129539,1,2252.26249995103
R5_5,49,1.268086830373008,1,104.91951326072025,0,2252.26249995103
R5_5,50,1.0,0,0.0,0,2252.26249995103
R5_5,51,1.0,0,0.0,0,2252.26249995103
R5_5,52,1.2565524715482415,1,103.96517852221257,0,2252.26249995103
R5_5,53,0.9090909090909092,1,75.21675441066392,0,2252.26249995103
R5_5,54,0.9143809217786005,1,75.65444175433927,0,2252.26249995103
R5_5,55,0.9062771553598994,1,74.98394884497074,0,2252.26249995103
R5_5,56,1.0,0,0.0,0,2252.26249995103
R5_5,57,0.9143809217786005,1,75.65444175433927,0,2252.26249995103
R5_5,58,0.900987142672208,1,74.54626150129539,1,2252.26249995103
R5_5,59,1.2406517326103614,1,102.64957634901012,0,2252.26249995103
R5_5,60,1.0,0,0.0,0,2252.26249995103
R5_5,61,1.2565524715482415,1,103.96517852221257,0,2252.26249995103
R5_5,62,0.9090909090909092,1,75.21675441066392,0,2252.26249995103
R5_5,63,0.9090909090909092,1,75.21675441066392,0,2252.26249995103
R5_5,64,1.0,0,0.0,0,2252.26249995103
R5_6,1,0.9090909090909092,1,79.25651444937397,0,2240.360937321384
R5_6,2,0.9414815780250496,1,82.08040312181795,0,2240.360937321384
R5_6,3,0.9919750960883045,1,86.48253739019597,0,2240.360937321384
R5_6,4,0.9502731446270491,1,82.84687093978435,0,2240.360937321384
R5_6,5,0.9090909090909092,1,79.25651444937397,0,2240.360937321384
R5_6,6,0.9437767131983223,1,82.2804979772441,0,2240.360937321384
R5_6,7,1.0,0,0.0,0,2240.360937321384
R5_6,8,0.9961811534656517,1,86.84923058222893,0,2240.360937321384
R5_6,9,0.9386387284326183,1,81.832557337038,0,2240.360937321384
R5_6,10,0.9917056050680095,1,86.4590425793576,0,2240.360937321384
R5_6,11,0.9414815780250496,1,82.08040312181795,0,2240.360937321384
R5_6,12,0.9502731446270491,1,82.84687093978435,0,2240.360937321384
R5_6,13,1.0991838219876238,1,95.82922631686817,0,2240.360937321384
R5_6,14,0.9414815780250496,1,82.08040312181795,0,2240.360937321384
R5_6,15,0.9502731446270491,1,82.84687093978435,0,2240.360937321384
R5_6,16,0.9386387284326183,1,81.832557337038,0,2240.360937321384
R5_6,17,0.9321422970038906,1,81.26618437449774,0,2240.360937321384
R5_6,18,0.9502731446270491,1,82.84687093978435,0,2240.360937321384
R5_6,19,0.9321422970038906,1,81.26618437449774,0,2240.360937321384
R5_6,20,0.9791789579333248,1,85.36694235076209,0,2240.360937321384
R5_6,21,0.9386387284326183,1,81.832557337038,0,2240.360937321384
R5_6,22,0.9090909090909092,1,79.25651444937397,0,2240.360937321384
R5_6,23,0.9917056050680095,1,86.4590425793576,0,2240.360937321384
R5_6,24,0.9502731446270491,1,82.84687093978435,0,2240.360937321384
R5_6,25,0.9090909090909092,1,79.25651444937397,0,2240.360937321384
R5_6,26,1.0501215169052118,1,91.55186829601607,0,2240.360937321384
R5_6,27,0.9090909090909092,1,79.25651444937397,0,2240.360937321384
R5_6,28,0.9321422970038906,1,81.26618437449774,0,2240.360937321384
R5_6,29,0.8887029365460375,1,77.47904684471834,1,2240.360937321384
R5_6,30,0.9672373299078165,1,84.32584535519406,0,2240.360937321384
R5_6,31,0.9386387284326183,1,81.832557337038,0,2240.360937321384
R5_6,32,0.9321422970038906,1,81.26618437449774,0,2240.360937321384
R5_6,33,0.9437767131983223,1,82.2804979772441,0,2240.360937321384
R5_6,34,0.9791789579333248,1,85.36694235076209,0,2240.360937321384
R5_6,35,0.9437767131983223,1,82.2804979772441,0,2240.360937321384
R5_6,36,0.9502731446270491,1,82.84687093978435,0,2240.360937321384
R5_6,37,0.9672373299078165,1,84.32584535519406,0,2240.360937321384
R5_6,38,0.9917056050680095,1,86.4590425793576,0,2240.360937321384
R5_6,39,0.9919750960883045,1,86.48253739019597,0,2240.360937321384
R5_6,40,0.9321422970038906,1,81.26618437449774,0,2240.360937321384
R5_6,41,0.9502731446270491,1,82.84687093978435,0,2240.360937321384
R5_6,42,0.9437767131983223,1,82.2804979772441,0,2240.360937321384
R5_6,43,0.9919750960883045,1,86.48253739019597,0,2240.360937321384
R5_6,44,0.9672373299078165,1,84.32584535519406,0,2240.360937321384
R5_6,45,0.9414815780250496,1,82.08040312181795,0,2240.360937321384
R5_6,46,0.9791789579333248,1,85.36694235076209,0,2240.360937321384
R5_6,47,0.9386387284326183,1,81.832557337038,0,2240.360937321384
R5_6,48,0.8887029365460375,1,77.47904684471834,1,2240.360937321384
R5_6,49,0.8887029365460375,1,77.47904684471834,1,2240.360937321384
R5_6,50,1.0991838219876238,1,95.82922631686817,0,2240.360937321384
R5_6,51,0.9386387284326183,1,81.832557337038,0,2240.360937321384
R5_6,52,0.9321422970038906,1,81.26618437449774,0,2240.360937321384
R5_6,53,0.9386387284326183,1,81.832557337038,0,2240.360937321384
R5_6,54,0.9437767131983223,1,82.2804979772441,0,2240.360937321384
R5_6,55,1.0991838219876238,1,95.82922631686817,0,2240.360937321384
R5_6,56,0.9386387284326183,1,81.832557337038,0,2240.360937321384
R5_6,57,0.9437767131983223,1,82.2804979772441,0,2240.360937321384
R5_6,58,0.9386387284326183,1,81.832557337038,0,2240.360937321384
R5_6,59,0.9791789579333248,1,85.36694235076209,0,2240.360937321384
R5_6,60,0.9502731446270491,1,82.84687093978435,0,2240.360937321384
R5_6,61,1.0,0,0.0,0,2240.360937321384
R5_6,62,0.9090909090909092,1,79.25651444937397,0,2240.360937321384
R5_6,63,0.9414815780250496,1,82.08040312181795,0,2240.360937321384
R5_6,64,0.9090909090909092,1,79.25651444937397,0,2240.360937321384
R5_7,1,1.1944261711452384,1,146.4482194006291,0,2303.0921875033528
R5_7,2,0.9479999896349396,1,116.23398233206504,0,2303.0921875033528
R5_7,3,1.1089914083579426,1,135.97308984689693,0,2303.0921875033528
R5_7,4,0.8621345658881365,1,105.7060495727361,1,2303.0921875033528
R5_7,5,1.0305977117384266,1,126.36126321457085,0,2303.0921875033528
R5_7,6,0.9949563328377113,1,121.99128489101466,0,2303.0921875033528
R5_7,7,1.018035882421299,1,124.82106124951835,0,2303.0921875033528
R5_7,8,0.9891353136785952,1,121.27757155188706,0,2303.0921875033528
R5_7,9,1.1089914083579426,1,135.97308984689693,0,2303.0921875033528
R5_7,10,1.063033226415243,1,130.3381715279648,0,2303.0921875033528
R5_7,11,0.9479999896349396,1,116.23398233206504,0,2303.0921875033528
R5_7,12,0.9949563328377113,1,121.99128489101466,0,2303.0921875033528
R5_7,13,0.9090909090909083,1,111.46335213168572,0,2303.0921875033528
R5_7,14,1.0305977117384266,1,126.36126321457085,0,2303.0921875033528
R5_7,15,0.9479999896349396,1,116.23398233206504,0,2303.0921875033528
R5_7,16,0.8621345658881365,1,105.7060495727361,1,2303.0921875033528
R5_7,17,1.1944261711452384,1,146.4482194006291,0,2303.0921875033528
R5_7,18,1.1944261711452384,1,146.4482194006291,0,2303.0921875033528
R5_7,19,1.1089914083579426,1,135.97308984689693,0,2303.0921875033528
R5_7,20,1.063033226415243,1,130.3381715279648,0,2303.0921875033528
R5_7,21,0.8621345658881365,1,105.7060495727361,1,2303.0921875033528
R5_7,22,1.0,0,0.0,0,2303.0921875033528
R5_7,23,1.018035882421299,1,124.82106124951835,0,2303.0921875033528
R5_7,24,0.9479999896349396,1,116.23398233206504,0,2303.0921875033528
R5_7,25,0.9891353136785952,1,121.27757155188706,0,2303.0921875033528
R5_7,26,1.1089914083579426,1,135.97308984689693,0,2303.0921875033528
R5_7,27,1.1024208438040635,1,135.1674749812666,0,2303.0921875033528
R5_7,28,0.9479999896349396,1,116.23398233206504,0,2303.0921875033528
R5_7,29,0.9949563328377113,1,121.99128489101466,0,2303.0921875033528
R5_7,30,1.018035882421299,1,124.82106124951835,0,2303.0921875033528
R5_7,31,1.0305977117384266,1,126.36126321457085,0,2303.0921875033528
R5_7,32,0.8621345658881365,1,105.7060495727361,1,2303.0921875033528
R5_7,33,1.0305977117384266,1,126.36126321457085,0,2303.0921875033528
R5_7,34,0.9949563328377113,1,121.99128489101466,0,2303.0921875033528
R5_7,35,1.0114653178674198,1,124.01544638388805,0,2303.0921875033528
R5_7,36,0.9479999896349396,1,116.23398233206504,0,2303.0921875033528
R5_7,37,1.018035882421299,1,124.82106124951835,0,2303.0921875033528
R5_7,38,1.0114653178674198,1,124.01544638388805,0,2303.0921875033528
R5_7,39,0.9949563328377113,1,121.99128489101466,0,2303.0921875033528
R5_7,40,0.8621345658881365,1,105.7060495727361,1,2303.0921875033528
R5_7,41,1.0,0,0.0,0,2303.0921875033528
R5_7,42,1.063033226415243,1,130.3381715279648,0,2303.0921875033528
R5_7,43,0.9479999896349396,1,116.23398233206504,0,2303.0921875033528
R5_7,44,0.9891353136785952,1,121.27757155188706,0,2303.0921875033528
R5_7,45,1.0,0,0.0,0,2303.0921875033528
R5_7,46,0.8621345658881365,1,105.7060495727361,1,2303.0921875033528
R5_7,47,1.268324083881886,1,155.50881937670687,0,2303.0921875033528
R5_7,48,0.9090909090909083,1,111.46335213168572,0,2303.0921875033528
R5_7,49,0.9090909090909083,1,111.46335213168572,0,2303.0921875033528
R5_7,50,1.018035882421299,1,124.82106124951835,0,2303.0921875033528
R5_7,51,0.9891353136785952,1,121.27757155188706,0,2303.0921875033528
R5_7,52,0.9949563328377113,1,121.99128489101466,0,2303.0921875033528
R5_7,53,0.9949563328377113,1,121.99128489101466,0,2303.0921875033528
R5_7,54,1.0,0,0.0,0,2303.0921875033528
R5_7,55,0.8621345658881365,1,105.7060495727361,1,2303.0921875033528
R5_7,56,1.0114653178674198,1,124.01544638388805,0,2303.0921875033528
R5_7,57,1.1089914083579426,1,135.97308984689693,0,2303.0921875033528
R5_7,58,1.0,0,0.0,0,2303.0921875033528
R5_7,59,0.8621345658881365,1,105.7060495727361,1,2303.0921875033528
R5_7,60,0.9090909090909083,1,111.46335213168572,0,2303.0921875033528
R5_7,61,1.0114653178674198,1,124.01544638388805,0,2303.0921875033528
R5_7,62,1.018035882421299,1,124.82106124951835,0,2303.0921875033528
R5_7,63,1.018035882421299,1,124.82106124951835,0,2303.0921875033528
R5_7,64,1.0305977117384266,1,126.36126321457085,0,2303.0921875033528
R5_8,1,0.9591412800017727,1,128.63165625341335,0,2157.153124926481
R5_8,2,1.2007848365465232,1,161.03878078178232,0,2157.153124926481
R5_8,3,1.0113760586438367,1,135.6369288142468,0,2157.153124926481
R5_8,4,1.0,0,0.0,0,2157.153124926481
R5_8,5,1.216026888621089,1,163.08291176011787,0,2157.153124926481
R5_8,6,0.9157732471807245,1,122.8155142454148,0,2157.153124926481
R5_8,7,0.9524589419119565,1,127.73547939807385,0,2157.153124926481
R5_8,8,1.0,0,0.0,0,2157.153124926481
R5_8,9,0.9157732471807245,1,122.8155142454148,0,2157.153124926481
R5_8,10,1.0613712319091633,1,142.34184505117844,0,2157.153124926481
R5_8,11,1.0613712319091633,1,142.34184505117844,0,2157.153124926481
R5_8,12,0.9090909090909083,1,121.91933739007526,1,2157.153124926481
R5_8,13,0.9591412800017727,1,128.63165625341335,0,2157.153124926481
R5_8,14,1.0151215129185847,1,136.13923644798908,0,2157.153124926481
R5_8,15,1.0113760586438367,1,135.6369288142468,0,2157.153124926481
R5_8,16,0.9524589419119565,1,127.73547939807385,0,2157.153124926481
R5_8,17,0.9157732471807245,1,122.8155142454148,0,2157.153124926481
R5_8,18,0.9591412800017727,1,128.63165625341335,0,2157.153124926481
R5_8,19,0.9157732471807245,1,122.8155142454148,0,2157.153124926481
R5_8,20,0.9524589419119565,1,127.73547939807385,0,2157.153124926481
R5_8,21,1.0800564515963238,1,144.84774361474967,0,2157.153124926481
R5_8,22,0.9090909090909083,1,121.91933739007526,1,2157.153124926481
R5_8,23,0.912109175758177,1,122.32412096942919,0,2157.153124926481
R5_8,24,1.0113760586438367,1,135.6369288142468,0,2157.153124926481
R5_8,25,1.0113760586438367,1,135.6369288142468,0,2157.153124926481
R5_8,26,0.9157732471807245,1,122.8155142454148,0,2157.153124926481
R5_8,27,1.0151215129185847,1,136.13923644798908,0,2157.153124926481
R5_8,28,0.9157732471807245,1,122.8155142454148,0,2157.153124926481
R5_8,29,1.0151215129185847,1,136.13923644798908,0,2157.153124926481
R5_8,30,0.9524589419119565,1,127.73547939807385,0,2157.153124926481
R5_8,31,1.0113760586438367,1,135.6369288142468,0,2157.153124926481
R5_8,32,0.9090909090909083,1,121.91933739007526,1,2157.153124926481
R5_8,33,0.9591412800017727,1,128.63165625341335,0,2157.153124926481
R5_8,34,0.912109175758177,1,122.32412096942919,0,2157.153124926481
R5_8,35,1.0113760586438367,1,135.6369288142468,0,2157.153124926481
R5_8,36,0.9157732471807245,1,122.8155142454148,0,2157.153124926481
R5_8,37,0.9090909090909083,1,121.91933739007526,1,2157.153124926481
R5_8,38,1.0,0,0.0,0,2157.153124926481
R5_8,39,1.0113760586438367,1,135.6369288142468,0,2157.153124926481
R5_8,40,1.1697771696305095,1,156.8803031569285,0,2157.153124926481
R5_8,41,0.9157732471807245,1,122.8155142454148,0,2157.153124926481
R5_8,42,0.912109175758177,1,122.32412096942919,0,2157.153124926481
R5_8,43,0.9524589419119565,1,127.73547939807385,0,2157.153124926481
R5_8,44,0.9591412800017727,1,128.63165625341335,0,2157.153124926481
R5_8,45,1.0113760586438367,1,135.6369288142468,0,2157.153124926481
R5_8,46,0.9591412800017727,1,128.63165625341335,0,2157.153124926481
R5_8,47,1.0113760586438367,1,135.6369288142468,0,2157.153124926481
R5_8,48,1.2007848365465232,1,161.03878078178232,0,2157.153124926481
R5_8,49,0.912109175758177,1,122.32412096942919,0,2157.153124926481
R5_8,50,1.0151215129185847,1,136.13923644798908,0,2157.153124926481
R5_8,51,0.9157732471807245,1,122.8155142454148,0,2157.153124926481
R5_8,52,0.912109175758177,1,122.32412096942919,0,2157.153124926481
R5_8,53,0.9090909090909083,1,121.91933739007526,1,2157.153124926481
R5_8,54,0.912109175758177,1,122.32412096942919,0,2157.153124926481
R5_8,55,1.0151215129185847,1,136.13923644798908,0,2157.153124926481
R5_8,56,0.9157732471807245,1,122.8155142454148,0,2157.153124926481
R5_8,57,1.0,0,0.0,0,2157.153124926481
R5_8,58,1.1697771696305095,1,156.8803031569285,0,2157.153124926481
R5_8,59,1.0613712319091633,1,142.34184505117844,0,2157.153124926481
R5_8,60,0.9157732471807245,1,122.8155142454148,0,2157.153124926481
R5_8,61,1.0,0,0.0,0,2157.153124926481
R5_8,62,0.9591412800017727,1,128.63165625341335,0,2157.153124926481
R5_8,63,0.9090909090909083,1,121.91933739007526,1,2157.153124926481
R5_8,64,0.9090909090909083,1,121.91933739007526,1,2157.153124926481
R5_9,1,0.8154568383175951,1,79.29455463104428,1,2222.7968750030414
R5_9,2,0.8957646342555599,1,87.10363858629043,0,2222.7968750030414
R5_9,3,0.9805940084876479,1,95.3523982180588,0,2222.7968750030414
R5_9,4,0.9846080585671686,1,95.74272214247267,0,2222.7968750030414
R5_9,5,0.9322433492909772,1,90.65080788615674,0,2222.7968750030414
R5_9,6,0.9090909090909092,1,88.3994778978352,0,2222.7968750030414
R5_9,7,0.855915027731232,1,83.22868573398726,0,2222.7968750030414
R5_9,8,0.9614556183670997,1,93.49139215415111,0,2222.7968750030414
R5_9,9,0.9322433492909772,1,90.65080788615674,0,2222.7968750030414
R5_9,10,0.9322433492909772,1,90.65080788615674,0,2222.7968750030414
R5_9,11,0.9846080585671686,1,95.74272214247267,0,2222.7968750030414
R5_9,12,1.0038560337040865,1,97.61438419043616,0,2222.7968750030414
R5_9,13,0.9614556183670997,1,93.49139215415111,0,2222.7968750030414
R5_9,14,1.0038560337040865,1,97.61438419043616,0,2222.7968750030414
R5_9,15,0.9846080585671686,1,95.74272214247267,0,2222.7968750030414
R5_9,16,0.8847457431105852,1,86.03216793963867,0,2222.7968750030414
R5_9,17,0.8847457431105852,1,86.03216793963867,0,2222.7968750030414
R5_9,18,1.0038560337040865,1,97.61438419043616,0,2222.7968750030414
R5_9,19,0.9614556183670997,1,93.49139215415111,0,2222.7968750030414
R5_9,20,0.8847457431105852,1,86.03216793963867,0,2222.7968750030414
R5_9,21,0.8847457431105852,1,86.03216793963867,0,2222.7968750030414
R5_9,22,0.9846080585671686,1,95.74272214247267,0,2222.7968750030414
R5_9,23,1.0,0,0.0,0,2222.7968750030414
R5_9,24,0.9614556183670997,1,93.49139215415111,0,2222.7968750030414
R5_9,25,0.8847457431105852,1,86.03216793963867,0,2222.7968750030414
R5_9,26,0.855915027731232,1,83.22868573398726,0,2222.7968750030414
R5_9,27,0.9650535390485491,1,93.84125189488482,0,2222.7968750030414
R5_9,28,0.8957646342555599,1,87.10363858629043,0,2222.7968750030414
R5_9,29,0.8154568383175951,1,79.29455463104428,1,2222.7968750030414
R5_9,30,0.855915027731232,1,83.22868573398726,0,2222.7968750030414
R5_9,31,0.855915027731232,1,83.22868573398726,0,2222.7968750030414
R5_9,32,0.9614556183670997,1,93.49139215415111,0,2222.7968750030414
R5_9,33,0.8154568383175951,1,79.29455463104428,1,2222.7968750030414
R5_9,34,0.8847457431105852,1,86.03216793963867,0,2222.7968750030414
R5_9,35,0.8432024036366617,1,81.99251746804859,0,2222.7968750030414
R5_9,36,0.9614556183670997,1,93.49139215415111,0,2222.7968750030414
R5_9,37,0.9322433492909772,1,90.65080788615674,0,2222.7968750030414
R5_9,38,0.9650535390485491,1,93.84125189488482,0,2222.7968750030414
R5_9,39,1.0038560337040865,1,97.61438419043616,0,2222.7968750030414
R5_9,40,0.9090909090909092,1,88.3994778978352,0,2222.7968750030414
R5_9,41,0.8432024036366617,1,81.99251746804859,0,2222.7968750030414
R5_9,42,1.0140178489859988,1,98.60251327239297,0,2222.7968750030414
R5_9,43,0.8847457431105852,1,86.03216793963867,0,2222.7968750030414
R5_9,44,0.8154568383175951,1,79.29455463104428,1,2222.7968750030414
R5_9,45,0.8154568383175951,1,79.29455463104428,1,2222.7968750030414
R5_9,46,0.9090909090909092,1,88.3994778978352,0,2222.7968750030414
R5_9,47,0.9614556183670997,1,93.49139215415111,0,2222.7968750030414
R5_9,48,1.1285350144605015,1,109.73809667450767,0,2222.7968750030414
R5_9,49,1.0,0,0.0,0,2222.7968750030414
R5_9,50,0.8432024036366617,1,81.99251746804859,0,2222.7968750030414
R5_9,51,0.8847457431105852,1,86.03216793963867,0,2222.7968750030414
R5_9,52,0.8154568383175951,1,79.29455463104428,1,2222.7968750030414
R5_9,53,0.855915027731232,1,83.22868573398726,0,2222.7968750030414
R5_9,54,0.9614556183670997,1,93.49139215415111,0,2222.7968750030414
R5_9,55,0.9322433492909772,1,90.65080788615674,0,2222.7968750030414
R5_9,56,1.0038560337040865,1,97.61438419043616,0,2222.7968750030414
R5_9,57,0.8957646342555599,1,87.10363858629043,0,2222.7968750030414
R5_9,58,0.9614556183670997,1,93.49139215415111,0,2222.7968750030414
R5_9,59,0.9650535390485491,1,93.84125189488482,0,2222.7968750030414
R5_9,60,0.8154568383175951,1,79.29455463104428,1,2222.7968750030414
R5_9,61,0.855915027731232,1,83.22868573398726,0,2222.7968750030414
R5_9,62,0.9846080585671686,1,95.74272214247267,0,2222.7968750030414
R5_9,63,0.8154568383175951,1,79.29455463104428,1,2222.7968750030414
R5_9,64,1.0038560337040865,1,97.61438419043616,0,2222.7968750030414
R6_0,1,1.0214408390058516,1,116.91214875003097,0,4003.756250085644
R6_0,2,1.2501078687294882,1,143.0849360250112,0,4003.756250085644
R6_0,3,0.9090909090909101,1,104.05279242053922,1,4003.756250085644
R6_0,4,1.005248945464178,1,115.05885583868493,0,4003.756250085644
R6_0,5,1.0,0,0.0,0,4003.756250085644
R6_0,6,1.3462659051027543,1,154.0909994431569,0,4003.756250085644
R6_0,7,0.9508820899954262,1,108.8361303993728,0,4003.756250085644
R6_0,8,1.1681024510130023,1,133.6987540472969,0,4003.756250085644
R6_0,9,1.2597287840741913,1,144.186127442995,0,4003.756250085644
R6_0,10,1.0,0,0.0,0,4003.756250085644
R6_0,11,0.9090909090909101,1,104.05279242053922,1,4003.756250085644
R6_0,12,0.9514243814806065,1,108.89820003704567,0,4003.756250085644
R6_0,13,0.9514243814806065,1,108.89820003704567,0,4003.756250085644
R6_0,14,1.448963066392496,1,165.84551848960308,0,4003.756250085644
R6_0,15,0.9508820899954262,1,108.8361303993728,0,4003.756250085644
R6_0,16,1.0475824178538744,1,119.90426345519137,0,4003.756250085644
R6_0,17,0.9508820899954262,1,108.8361303993728,0,4003.756250085644
R6_0,18,1.2312022218877416,1,140.921032143971,0,4003.756250085644
R6_0,19,1.1203474681845922,1,128.23281080047687,0,4003.756250085644
R6_0,20,1.005248945464178,1,115.05885583868493,0,4003.756250085644
R6_0,21,0.9090909090909101,1,104.05279242053922,1,4003.756250085644
R6_0,22,1.1683393298044464,1,133.72586673698328,0,4003.756250085644
R6_0,23,0.9090909090909101,1,104.05279242053922,1,4003.756250085644
R6_0,24,0.9514243814806065,1,108.89820003704567,0,4003.756250085644
R6_0,25,1.1009621615621246,1,126.01400598588111,0,4003.756250085644
R6_0,26,1.1927982194594442,1,136.52538408190264,0,4003.756250085644
R6_0,27,1.1009621615621246,1,126.01400598588111,0,4003.756250085644
R6_0,28,1.2501078687294882,1,143.0849360250112,0,4003.756250085644
R6_0,29,0.9514243814806065,1,108.89820003704567,0,4003.756250085644
R6_0,30,1.0,0,0.0,0,4003.756250085644
R6_0,31,0.9508820899954262,1,108.8361303993728,0,4003.756250085644
R6_0,32,1.1681024510130023,1,133.6987540472969,0,4003.756250085644
R6_0,33,1.2597287840741913,1,144.186127442995,0,4003.756250085644
R6_0,34,1.0919654746142058,1,124.9842625464701,0,4003.756250085644
R6_0,35,1.084540609880591,1,124.13442684670507,0,4003.756250085644
R6_0,36,1.0475824178538744,1,119.90426345519137,0,4003.756250085644
R6_0,37,0.9514243814806065,1,108.89820003704567,0,4003.756250085644
R6_0,38,1.2106728021941429,1,138.57127435348974,0,4003.756250085644
R6_0,39,1.005248945464178,1,115.05885583868493,0,4003.756250085644
R6_0,40,1.0,0,0.0,0,4003.756250085644
R6_0,41,1.1681024510130023,1,133.6987540472969,0,4003.756250085644
R6_0,42,1.1009621615621246,1,126.01400598588111,0,4003.756250085644
R6_0,43,0.9932155623851244,1,113.68153801587924,0,4003.756250085644
R6_0,44,1.1927982194594442,1,136.52538408190264,0,4003.756250085644
R6_0,45,0.9508820899954262,1,108.8361303993728,0,4003.756250085644
R6_0,46,1.0214408390058516,1,116.91214875003097,0,4003.756250085644
R6_0,47,1.1009621615621246,1,126.01400598588111,0,4003.756250085644
R6_0,48,1.0919654746142058,1,124.9842625464701,0,4003.756250085644
R6_0,49,0.9514243814806065,1,108.89820003704567,0,4003.756250085644
R6_0,50,1.0214408390058516,1,116.91214875003097,0,4003.756250085644
R6_0,51,1.318419401371143,1,150.9037423234916,0,4003.756250085644
R6_0,52,1.1881235109874737,1,135.99032596461583,0,4003.756250085644
R6_0,53,0.9514243814806065,1,108.89820003704567,0,4003.756250085644
R6_0,54,1.0919654746142058,1,124.9842625464701,0,4003.756250085644
R6_0,55,0.9090909090909101,1,104.05279242053922,1,4003.756250085644
R6_0,56,0.9508820899954262,1,108.8361303993728,0,4003.756250085644
R6_0,57,1.1626809405742904,1,133.0782184169833,0,4003.756250085644
R6_0,58,1.0214408390058516,1,116.91214875003097,0,4003.756250085644
R6_0,59,1.5338169541678415,1,175.55773085744318,0,4003.756250085644
R6_0,60,0.9090909090909101,1,104.05279242053922,1,4003.756250085644
R6_0,61,1.448963066392496,1,165.84551848960308,0,4003.756250085644
R6_0,62,1.1881235109874737,1,135.99032596461583,0,4003.756250085644
R6_0,63,0.9514243814806065,1,108.89820003704567,0,4003.756250085644
R6_0,64,1.0919654746142058,1,124.9842625464701,0,4003.756250085644
R6_1,1,0.9131215563442474,1,100.90043572779024,0,4921.971875091913
R6_1,2,0.995271075388974,1,109.97800290255572,0,4921.971875091913
R6_1,3,1.2841736375347494,1,141.90189540169857,0,4921.971875091913
R6_1,4,1.1057391173303852,1,122.1847824801938,0,4921.971875091913
R6_1,5,1.207435967463633,1,133.4223405241307,0,4921.971875091913
R6_1,6,1.1368181644494797,1,125.61903433257156,0,4921.971875091913
R6_1,7,1.0307233938090725,1,113.89550364634471,0,4921.971875091913
R6_1,8,0.9090909090909101,1,100.45504698266508,0,4921.971875091913
R6_1,9,1.067613248061706,1,117.97185289268982,0,4921.971875091913
R6_1,10,1.3628467993793958,1,150.59532318801507,0,4921.971875091913
R6_1,11,1.013783585001125,1,112.02364542769695,0,4921.971875091913
R6_1,12,0.9131215563442474,1,100.90043572779024,0,4921.971875091913
R6_1,13,0.8891763047485668,1,98.25447221632885,1,4921.971875091913
R6_1,14,1.1580898651965814,1,127.96956900031793,0,4921.971875091913
R6_1,15,0.8932069520019059,1,98.69986096145401,0,4921.971875091913
R6_1,16,1.0148184064774952,1,112.13799377172717,0,4921.971875091913
R6_1,17,1.4269579794455112,1,157.67964395423638,0,4921.971875091913
R6_1,18,0.9090909090909101,1,100.45504698266508,0,4921.971875091913
R6_1,19,0.8932069520019059,1,98.69986096145401,0,4921.971875091913
R6_1,20,1.2425415796226833,1,137.30153003480268,0,4921.971875091913
R6_1,21,1.188189881060925,1,131.29563735893274,0,4921.971875091913
R6_1,22,1.188189881060925,1,131.29563735893274,0,4921.971875091913
R6_1,23,0.9131215563442474,1,100.90043572779024,0,4921.971875091913
R6_1,24,1.1057391173303852,1,122.1847824801938,0,4921.971875091913
R6_1,25,1.3422923993976532,1,148.32405065056219,0,4921.971875091913
R6_1,26,1.269950226724923,1,140.3302006604281,0,4921.971875091913
R6_1,27,1.0148184064774952,1,112.13799377172717,0,4921.971875091913
R6_1,28,1.2993330565090186,1,143.57701956151757,0,4921.971875091913
R6_1,29,0.9090909090909101,1,100.45504698266508,0,4921.971875091913
R6_1,30,1.2993330565090186,1,143.57701956151757,0,4921.971875091913
R6_1,31,0.9131215563442474,1,100.90043572779024,0,4921.971875091913
R6_1,32,1.0,0,0.0,0,4921.971875091913
R6_1,33,1.0,0,0.0,0,4921.971875091913
R6_1,34,0.9090909090909101,1,100.45504698266508,0,4921.971875091913
R6_1,35,1.0,0,0.0,0,4921.971875091913
R6_1,36,0.9090909090909101,1,100.45504698266508,0,4921.971875091913
R6_1,37,1.101708470077046,1,121.73939373506867,0,4921.971875091913
R6_1,38,1.067613248061706,1,117.97185289268982,0,4921.971875091913
R6_1,39,1.188189881060925,1,131.29563735893274,0,4921.971875091913
R6_1,40,1.1635970045355322,1,128.57811093545564,0,4921.971875091913
R6_1,41,1.101708470077046,1,121.73939373506867,0,4921.971875091913
R6_1,42,1.1161333653633871,1,123.33335262214905,0,4921.971875091913
R6_1,43,1.2870014619540413,1,142.21437156008713,0,4921.971875091913
R6_1,44,0.9131215563442474,1,100.90043572779024,0,4921.971875091913
R6_1,45,1.2003698499034776,1,132.64153063549122,0,4921.971875091913
R6_1,46,1.176040275480279,1,129.95309923956538,0,4921.971875091913
R6_1,47,1.0,0,0.0,0,4921.971875091913
R6_1,48,0.8891763047485668,1,98.25447221632885,1,4921.971875091913
R6_1,49,1.0307233938090725,1,113.89550364634471,0,4921.971875091913
R6_1,50,1.1368181644494797,1,125.61903433257156,0,4921.971875091913
R6_1,51,0.995271075388974,1,109.97800290255572,0,4921.971875091913
R6_1,52,1.1580898651965814,1,127.96956900031793,0,4921.971875091913
R6_1,53,1.0148184064774952,1,112.13799377172717,0,4921.971875091913
R6_1,54,1.0943839009679053,1,120.93002480768358,0,4921.971875091913
R6_1,55,0.995271075388974,1,109.97800290255572,0,4921.971875091913
R6_1,56,1.176040275480279,1,129.95309923956538,0,4921.971875091913
R6_1,57,1.207435967463633,1,133.4223405241307,0,4921.971875091913
R6_1,58,1.412041271428631,1,156.03133948910784,0,4921.971875091913
R6_1,59,1.3628467993793958,1,150.59532318801507,0,4921.971875091913
R6_1,60,1.176040275480279,1,129.95309923956538,0,4921.971875091913
R6_1,61,1.2003698499034776,1,132.64153063549122,0,4921.971875091913
R6_1,62,1.2820262244158496,1,141.66460506737306,0,4921.971875091913
R6_1,63,0.9131215563442474,1,100.90043572779024,0,4921.971875091913
R6_1,64,0.9090909090909101,1,100.45504698266508,0,4921.971875091913
R6_2,1,1.3285051118006361,1,166.9032649377173,0,4472.131249940503
R6_2,2,0.9090909090909083,1,114.21125858282723,0,4472.131249940503
R6_2,3,0.9311717968847706,1,116.98533316694667,0,4472.131249940503
R6_2,4,0.9090909090909083,1,114.21125858282723,0,4472.131249940503
R6_2,5,0.8801016035888374,1,110.56926300931016,1,4472.131249940503
R6_2,6,0.924623232982487,1,116.16262146923769,0,4472.131249940503
R6_2,7,1.1652355484588366,1,146.39132038842834,0,4472.131249940503
R6_2,8,0.9311717968847706,1,116.98533316694667,0,4472.131249940503
R6_2,9,0.9311717968847706,1,116.98533316694667,0,4472.131249940503
R6_2,10,0.9467041207763476,1,118.93669605335714,0,4472.131249940503
R6_2,11,1.2308226842862293,1,154.63118865108635,0,4472.131249940503
R6_2,12,0.91949446101858,1,115.51828161815757,0,4472.131249940503
R6_2,13,0.9311717968847706,1,116.98533316694667,0,4472.131249940503
R6_2,14,1.1505678880545638,1,144.54858723766674,0,4472.131249940503
R6_2,15,0.91949446101858,1,115.51828161815757,0,4472.131249940503
R6_2,16,0.91949446101858,1,115.51828161815757,0,4472.131249940503
R6_2,17,1.1608566222623828,1,145.84118544907608,0,4472.131249940503
R6_2,18,0.924623232982487,1,116.16262146923769,0,4472.131249940503
R6_2,19,1.0,0,0.0,0,4472.131249940503
R6_2,20,1.1505678880545638,1,144.54858723766674,0,4472.131249940503
R6_2,21,0.9467041207763476,1,118.93669605335714,0,4472.131249940503
R6_2,22,0.9311717968847706,1,116.98533316694667,0,4472.131249940503
R6_2,23,0.8801016035888374,1,110.56926300931016,1,4472.131249940503
R6_2,24,0.924623232982487,1,116.16262146923769,0,4472.131249940503
R6_2,25,0.9311717968847706,1,116.98533316694667,0,4472.131249940503
R6_2,26,1.0,0,0.0,0,4472.131249940503
R6_2,27,0.924623232982487,1,116.16262146923769,0,4472.131249940503
R6_2,28,0.8801016035888374,1,110.56926300931016,1,4472.131249940503
R6_2,29,0.9090909090909083,1,114.21125858282723,0,4472.131249940503
R6_2,30,1.0,0,0.0,0,4472.131249940503
R6_2,31,0.924623232982487,1,116.16262146923769,0,4472.131249940503
R6_2,32,1.3285051118006361,1,166.9032649377173,0,4472.131249940503
R6_2,33,1.0,0,0.0,0,4472.131249940503
R6_2,34,0.9381767857152976,1,117.86538661670906,0,4472.131249940503
R6_2,35,1.6578478171765045,1,208.2793743123735,0,4472.131249940503
R6_2,36,0.8801016035888374,1,110.56926300931016,1,4472.131249940503
R6_2,37,0.924623232982487,1,116.16262146923769,0,4472.131249940503
R6_2,38,0.924623232982487,1,116.16262146923769,0,4472.131249940503
R6_2,39,1.2022737144489266,1,151.04451349708893,0,4472.131249940503
R6_2,40,0.9311717968847706,1,116.98533316694667,0,4472.131249940503
R6_2,41,0.9311717968847706,1,116.98533316694667,0,4472.131249940503
R6_2,42,0.8801016035888374,1,110.56926300931016,1,4472.131249940503
R6_2,43,1.3285051118006361,1,166.9032649377173,0,4472.131249940503
R6_2,44,1.1763889461539598,1,147.79254833548654,0,4472.131249940503
R6_2,45,1.1899424988867722,1,149.49531348295793,0,4472.131249940503
R6_2,46,1.2308226842862293,1,154.63118865108635,0,4472.131249940503
R6_2,47,1.2022737144489266,1,151.04451349708893,0,4472.131249940503
R6_2,48,1.2308226842862293,1,154.63118865108635,0,4472.131249940503
R6_2,49,0.8801016035888374,1,110.56926300931016,1,4472.131249940503
R6_2,50,0.9311717968847706,1,116.98533316694667,0,4472.131249940503
R6_2,51,1.2414040640785196,1,155.96055262506886,0,4472.131249940503
R6_2,52,1.1763889461539598,1,147.79254833548654,0,4472.131249940503
R6_2,53,1.2414040640785196,1,155.96055262506886,0,4472.131249940503
R6_2,54,1.6102730346840914,1,202.30244094858455,0,4472.131249940503
R6_2,55,1.1740077315107396,1,147.49339066199266,0,4472.131249940503
R6_2,56,0.9311717968847706,1,116.98533316694667,0,4472.131249940503
R6_2,57,0.9090909090909083,1,114.21125858282723,0,4472.131249940503
R6_2,58,0.9381767857152976,1,117.86538661670906,0,4472.131249940503
R6_2,59,1.3128370904025193,1,164.93485404999754,0,4472.131249940503
R6_2,60,0.9381767857152976,1,117.86538661670906,0,4472.131249940503
R6_2,61,0.9467041207763476,1,118.93669605335714,0,4472.131249940503
R6_2,62,0.9467041207763476,1,118.93669605335714,0,4472.131249940503
R6_2,63,0.9311717968847706,1,116.98533316694667,0,4472.131249940503
R6_2,64,0.8801016035888374,1,110.56926300931016,1,4472.131249940503
R6_3,1,0.944692051594318,1,100.88592503014397,0,4164.453124985812
R6_3,2,1.0251093074828628,1,109.47387624134532,0,4164.453124985812
R6_3,3,0.9850462274112797,1,105.19544404139488,0,4164.453124985812
R6_3,4,1.0616660238992388,1,113.37785547511427,0,4164.453124985812
R6_3,5,1.0416655940522581,1,111.24196170665502,0,4164.453124985812
R6_3,6,1.000692483652502,1,106.86634519007123,0,4164.453124985812
R6_3,7,1.0923797220215477,1,116.65784480172746,0,4164.453124985812
R6_3,8,1.0,0,0.0,0,4164.453124985812
R6_3,9,1.0517168408828947,1,112.31535841037855,0,4164.453124985812
R6_3,10,1.211108502896371,1,129.33717545349162,0,4164.453124985812
R6_3,11,1.0416655940522581,1,111.24196170665502,0,4164.453124985812
R6_3,12,1.0923797220215477,1,116.65784480172746,0,4164.453124985812
R6_3,13,1.0613321024479703,1,113.34219520419128,0,4164.453124985812
R6_3,14,1.0251093074828628,1,109.47387624134532,0,4164.453124985812
R6_3,15,1.000692483652502,1,106.86634519007123,0,4164.453124985812
R6_3,16,1.0416655940522581,1,111.24196170665502,0,4164.453124985812
R6_3,17,1.037667301243724,1,110.81497444890296,0,4164.453124985812
R6_3,18,0.9850462274112797,1,105.19544404139488,0,4164.453124985812
R6_3,19,1.0387287311522755,1,110.92832708905514,0,4164.453124985812
R6_3,20,0.9676293443412831,1,103.33545341620311,0,4164.453124985812
R6_3,21,1.0616660238992388,1,113.37785547511427,0,4164.453124985812
R6_3,22,0.992341501322084,1,105.97452380140521,0,4164.453124985812
R6_3,23,1.2459824330409166,1,133.06144591404157,0,4164.453124985812
R6_3,24,1.0251093074828628,1,109.47387624134532,0,4164.453124985812
R6_3,25,1.0613321024479703,1,113.34219520419128,0,4164.453124985812
R6_3,26,1.168234407741176,1,124.75854822543087,0,4164.453124985812
R6_3,27,1.000692483652502,1,106.86634519007123,0,4164.453124985812
R6_3,28,1.0613321024479703,1,113.34219520419128,0,4164.453124985812
R6_3,29,1.0573118502934804,1,112.91286285533133,0,4164.453124985812
R6_3,30,1.211108502896371,1,129.33717545349162,0,4164.453124985812
R6_3,31,0.9850462274112797,1,105.19544404139488,0,4164.453124985812
R6_3,32,1.0387287311522755,1,110.92832708905514,0,4164.453124985812
R6_3,33,1.0517168408828947,1,112.31535841037855,0,4164.453124985812
R6_3,34,0.9850462274112797,1,105.19544404139488,0,4164.453124985812
R6_3,35,1.1209178934748998,1,119.70550442888445,0,4164.453124985812
R6_3,36,1.0412655583712027,1,111.19924093890829,0,4164.453124985812
R6_3,37,1.0613321024479703,1,113.34219520419128,0,4164.453124985812
R6_3,38,1.0573118502934804,1,112.91286285533133,0,4164.453124985812
R6_3,39,1.1757294495215138,1,125.55896167431392,0,4164.453124985812
R6_3,40,1.0923797220215477,1,116.65784480172746,0,4164.453124985812
R6_3,41,1.0573118502934804,1,112.91286285533133,0,4164.453124985812
R6_3,42,1.0,0,0.0,0,4164.453124985812
R6_3,43,1.1757294495215138,1,125.55896167431392,0,4164.453124985812
R6_3,44,1.1209178934748998,1,119.70550442888445,0,4164.453124985812
R6_3,45,0.992341501322084,1,105.97452380140521,0,4164.453124985812
R6_3,46,1.1349674331140704,1,121.20588839036003,0,4164.453124985812
R6_3,47,1.0412655583712027,1,111.19924093890829,0,4164.453124985812
R6_3,48,1.2251580425355435,1,130.8375594149672,0,4164.453124985812
R6_3,49,1.037667301243724,1,110.81497444890296,0,4164.453124985812
R6_3,50,1.1349674331140704,1,121.20588839036003,0,4164.453124985812
R6_3,51,1.0387287311522755,1,110.92832708905514,0,4164.453124985812
R6_3,52,1.2849509189751522,1,137.22298378647798,0,4164.453124985812
R6_3,53,1.1209178934748998,1,119.70550442888445,0,4164.453124985812
R6_3,54,1.3419172169794678,1,143.30655108230658,0,4164.453124985812
R6_3,55,0.9090909090909083,1,97.08399382142373,1,4164.453124985812
R6_3,56,0.9676293443412831,1,103.33545341620311,0,4164.453124985812
R6_3,57,1.0279426438254937,1,109.77645501012545,0,4164.453124985812
R6_3,58,0.9090909090909083,1,97.08399382142373,1,4164.453124985812
R6_3,59,1.0251093074828628,1,109.47387624134532,0,4164.453124985812
R6_3,60,1.2774558771948126,1,136.42257033759495,0,4164.453124985812
R6_3,61,0.9676293443412831,1,103.33545341620311,0,4164.453124985812
R6_3,62,0.9672954228900146,1,103.29979314528012,0,4164.453124985812
R6_3,63,1.0923797220215477,1,116.65784480172746,0,4164.453124985812
R6_3,64,1.037667301243724,1,110.81497444890296,0,4164.453124985812
R6_4,1,1.0291463679633406,1,86.48041114270066,0,4637.398437353113
R6_4,2,0.9090909090909083,1,76.39200606601544,1,4637.398437353113
R6_4,3,1.2340868349970027,1,103.70180588358882,0,4637.398437353113
R6_4,4,1.315161093546667,1,110.51457365960493,0,4637.398437353113
R6_4,5,1.2145918354085783,1,102.0636175440915,0,4637.398437353113
R6_4,6,1.1373247900622676,1,95.57077448761308,0,4637.398437353113
R6_4,7,1.218399048611932,1,102.38354226362921,0,4637.398437353113
R6_4,8,0.9604430414616303,1,80.7071877143391,0,4637.398437353113
R6_4,9,0.979356529526445,1,82.29651093881371,0,4637.398437353113
R6_4,10,1.1932350159323555,1,100.26897823281517,0,4637.398437353113
R6_4,11,1.1335780690826063,1,95.25593300262663,0,4637.398437353113
R6_4,12,1.092017737004559,1,91.76356814839363,0,4637.398437353113
R6_4,13,1.0761185744611819,1,90.42754233478945,0,4637.398437353113
R6_4,14,1.0761185744611819,1,90.42754233478945,0,4637.398437353113
R6_4,15,0.9090909090909083,1,76.39200606601544,1,4637.398437353113
R6_4,16,1.1380484008435836,1,95.63158037472854,0,4637.398437353113
R6_4,17,0.9604430414616303,1,80.7071877143391,0,4637.398437353113
R6_4,18,1.040665604633837,1,87.44838650007,0,4637.398437353113
R6_4,19,1.315161093546667,1,110.51457365960493,0,4637.398437353113
R6_4,20,1.2340868349970027,1,103.70180588358882,0,4637.398437353113
R6_4,21,1.218399048611932,1,102.38354226362921,0,4637.398437353113
R6_4,22,1.1367012062899917,1,95.51837399076722,0,4637.398437353113
R6_4,23,1.0291463679633406,1,86.48041114270066,0,4637.398437353113
R6_4,24,1.4422842885920986,1,121.19688913535101,0,4637.398437353113
R6_4,25,1.0051265107470613,1,84.4619935567127,0,4637.398437353113
R6_4,26,1.0866962684728634,1,91.3163987264049,0,4637.398437353113
R6_4,27,1.0866962684728634,1,91.3163987264049,0,4637.398437353113
R6_4,28,1.0866962684728634,1,91.3163987264049,0,4637.398437353113
R6_4,29,0.9090909090909083,1,76.39200606601544,1,4637.398437353113
R6_4,30,0.9604430414616303,1,80.7071877143391,0,4637.398437353113
R6_4,31,1.4177732462939296,1,119.13719667423233,0,4637.398437353113
R6_4,32,0.9090909090909083,1,76.39200606601544,1,4637.398437353113
R6_4,33,1.0804985003340608,1,90.7955927910243,0,4637.398437353113
R6_4,34,1.0866962684728634,1,91.3163987264049,0,4637.398437353113
R6_4,35,1.0,0,0.0,0,4637.398437353113
R6_4,36,1.0291463679633406,1,86.48041114270066,0,4637.398437353113
R6_4,37,1.2076932700041105,1,101.48392276884398,0,4637.398437353113
R6_4,38,0.979356529526445,1,82.29651093881371,0,4637.398437353113
R6_4,39,0.9090909090909083,1,76.39200606601544,1,4637.398437353113
R6_4,40,1.092017737004559,1,91.76356814839363,0,4637.398437353113
R6_4,41,1.3407461565382857,1,112.66451737558559,0,4637.398437353113
R6_4,42,0.979356529526445,1,82.29651093881371,0,4637.398437353113
R6_4,43,1.0291463679633406,1,86.48041114270066,0,4637.398437353113
R6_4,44,0.979356529526445,1,82.29651093881371,0,4637.398437353113
R6_4,45,0.9090909090909083,1,76.39200606601544,1,4637.398437353113
R6_4,46,1.2145918354085783,1,102.0636175440915,0,4637.398437353113
R6_4,47,1.0761185744611819,1,90.42754233478945,0,4637.398437353113
R6_4,48,0.979356529526445,1,82.29651093881371,0,4637.398437353113
R6_4,49,1.1109312250693755,1,93.35289137286824,0,4637.398437353113
R6_4,50,1.1335780690826063,1,95.25593300262663,0,4637.398437353113
R6_4,51,0.9604430414616303,1,80.7071877143391,0,4637.398437353113
R6_4,52,1.4177732462939296,1,119.13719667423233,0,4637.398437353113
R6_4,53,1.0051265107470613,1,84.4619935567127,0,4637.398437353113
R6_4,54,1.0051265107470613,1,84.4619935567127,0,4637.398437353113
R6_4,55,0.9604430414616303,1,80.7071877143391,0,4637.398437353113
R6_4,56,0.9090909090909083,1,76.39200606601544,1,4637.398437353113
R6_4,57,1.0761185744611819,1,90.42754233478945,0,4637.398437353113
R6_4,58,1.0051265107470613,1,84.4619935567127,0,4637.398437353113
R6_4,59,1.212396761577395,1,101.87916284132149,0,4637.398437353113
R6_4,60,1.040665604633837,1,87.44838650007,0,4637.398437353113
R6_4,61,1.109516707606602,1,93.23402776361198,0,4637.398437353113
R6_4,62,1.1373247900622676,1,95.57077448761308,0,4637.398437353113
R6_4,63,1.040665604633837,1,87.44838650007,0,4637.398437353113
R6_4,64,0.979356529526445,1,82.29651093881371,0,4637.398437353113
R6_5,1,0.8687734786404278,1,133.369636524863,0,4984.728124782123
R6_5,2,1.0222525028834806,1,156.9309470168912,0,4984.728124782123
R6_5,3,0.887681852687102,1,136.27235286678874,0,4984.728124782123
R6_5,4,1.04576338035708,1,160.5402160152286,0,4984.728124782123
R6_5,5,0.9314402472729668,1,142.98991656355514,0,4984.728124782123
R6_5,6,0.8687734786404278,1,133.369636524863,0,4984.728124782123
R6_5,7,1.0,0,0.0,0,4984.728124782123
R6_5,8,1.0092030253725515,1,154.9276583400827,0,4984.728124782123
R6_5,9,1.0918733058532748,1,167.6187746439285,0,4984.728124782123
R6_5,10,1.21039782402144,1,185.81404912688186,0,4984.728124782123
R6_5,11,0.9960734294425286,1,152.9120702956066,0,4984.728124782123
R6_5,12,0.9663601338949874,1,148.3506379722665,0,4984.728124782123
R6_5,13,1.0529753395764914,1,161.64735890503027,0,4984.728124782123
R6_5,14,0.9663601338949874,1,148.3506379722665,0,4984.728124782123
R6_5,15,0.8440213185615573,1,129.56981220461515,0,4984.728124782123
R6_5,16,1.1795157325923267,1,181.0731892706696,0,4984.728124782123
R6_5,17,0.8237342613043594,1,126.45544750648288,1,4984.728124782123
R6_5,18,0.8687734786404278,1,133.369636524863,0,4984.728124782123
R6_5,19,0.9663601338949874,1,148.3506379722665,0,4984.728124782123
R6_5,20,0.8687734786404278,1,133.369636524863,0,4984.728124782123
R6_5,21,0.8467574254919299,1,129.98984526935368,0,4984.728124782123
R6_5,22,0.8654568704310623,1,132.86048788916733,0,4984.728124782123
R6_5,23,0.9433369697074205,1,144.8162402093957,0,4984.728124782123
R6_5,24,0.93687567244063,1,143.8243350820665,0,4984.728124782123
R6_5,25,0.8533103421523727,1,130.99581533481748,0,4984.728124782123
R6_5,26,0.887681852687102,1,136.27235286678874,0,4984.728124782123
R6_5,27,1.0092030253725515,1,154.9276583400827,0,4984.728124782123
R6_5,28,1.072764624199408,1,164.68530810828628,0,4984.728124782123
R6_5,29,0.906776614722892,1,139.20368253424977,0,4984.728124782123
R6_5,30,0.9433369697074205,1,144.8162402093957,0,4984.728124782123
R6_5,31,0.9281995907447733,1,142.49242763934944,0,4984.728124782123
R6_5,32,0.8965274937849728,1,137.63029019689532,0,4984.728124782123
R6_5,33,0.9433369697074205,1,144.8162402093957,0,4984.728124782123
R6_5,34,0.887681852687102,1,136.27235286678874,0,4984.728124782123
R6_5,35,0.9090909090909101,1,139.55896110370722,0,4984.728124782123
R6_5,36,0.8440213185615573,1,129.56981220461515,0,4984.728124782123
R6_5,37,0.9090909090909101,1,139.55896110370722,0,4984.728124782123
R6_5,38,0.9281995907447733,1,142.49242763934944,0,4984.728124782123
R6_5,39,0.9490222007193196,1,145.68900763641636,0,4984.728124782123
R6_5,40,0.93687567244063,1,143.8243350820665,0,4984.728124782123
R6_5,41,0.9420037808045869,1,144.61157590533784,0,4984.728124782123
R6_5,42,0.8687734786404278,1,133.369636524863,0,4984.728124782123
R6_5,43,1.010105974604791,1,155.06627446254132,0,4984.728124782123
R6_5,44,0.887681852687102,1,136.27235286678874,0,4984.728124782123
R6_5,45,1.0918733058532748,1,167.6187746439285,0,4984.728124782123
R6_5,46,0.8654568704310623,1,132.86048788916733,0,4984.728124782123
R6_5,47,1.0092030253725515,1,154.9276583400827,0,4984.728124782123
R6_5,48,1.1795157325923267,1,181.0731892706696,0,4984.728124782123
R6_5,49,0.9528562778099268,1,146.27759543352877,0,4984.728124782123
R6_5,50,1.0092030253725515,1,154.9276583400827,0,4984.728124782123
R6_5,51,0.9281995907447733,1,142.49242763934944,0,4984.728124782123
R6_5,52,0.9068183673097838,1,139.21009217666477,0,4984.728124782123
R6_5,53,0.8965274937849728,1,137.63029019689532,0,4984.728124782123
R6_5,54,0.9281995907447733,1,142.49242763934944,0,4984.728124782123
R6_5,55,1.0338666579226263,1,158.71389236938802,0,4984.728124782123
R6_5,56,0.93687567244063,1,143.8243350820665,0,4984.728124782123
R6_5,57,1.068786544544647,1,164.0746137780994,0,4984.728124782123
R6_5,58,0.9663601338949874,1,148.3506379722665,0,4984.728124782123
R6_5,59,0.9090909090909101,1,139.55896110370722,0,4984.728124782123
R6_5,60,0.8237342613043594,1,126.45544750648288,1,4984.728124782123
R6_5,61,1.4103837318634633,0,62.99999999999999,0,4984.728124782123
R6_5,62,0.8687734786404278,1,133.369636524863,0,4984.728124782123
R6_5,63,0.9090909090909101,1,139.55896110370722,0,4984.728124782123
R6_5,64,1.1376045915408266,1,174.63920643646944,0,4984.728124782123
R6_6,1,1.0201885200099436,1,163.52300956783714,0,4386.609374932959
R6_6,2,1.0328213336329952,1,165.54788601217373,0,4386.609374932959
R6_6,3,1.1501867651714353,1,184.3600449494323,0,4386.609374932959
R6_6,4,0.9878589513693825,1,158.34099834300665,0,4386.609374932959
R6_6,5,1.0838129546972688,1,173.7211825898412,0,4386.609374932959
R6_6,6,0.9770277597987338,1,156.60489858487472,0,4386.609374932959
R6_6,7,0.9742222805895651,1,156.1552165951591,0,4386.609374932959
R6_6,8,1.1501867651714353,1,184.3600449494323,0,4386.609374932959
R6_6,9,1.1675151561525823,1,187.13756164230554,0,4386.609374932959
R6_6,10,1.138294890150867,1,182.45393136882763,0,4386.609374932959
R6_6,11,1.1464131451108646,1,183.7551825174732,0,4386.609374932959
R6_6,12,1.0,0,0.0,0,4386.609374932959
R6_6,13,0.9090909090909083,1,145.71550111528154,0,4386.609374932959
R6_6,14,0.9690259013158489,1,155.32230428431882,0,4386.609374932959
R6_6,15,1.0201885200099436,1,163.52300956783714,0,4386.609374932959
R6_6,16,1.1464131451108646,1,183.7551825174732,0,4386.609374932959
R6_6,17,1.1464131451108646,1,183.7551825174732,0,4386.609374932959
R6_6,18,1.1345362134173236,1,181.8514641586935,0,4386.609374932959
R6_6,19,1.0050449124187963,1,161.0956853621161,0,4386.609374932959
R6_6,20,0.821246289124204,1,131.63514601467872,1,4386.609374932959
R6_6,21,0.9090909090909083,1,145.71550111528154,0,4386.609374932959
R6_6,22,1.2887053051387145,1,206.56277326103046,0,4386.609374932959
R6_6,23,0.821246289124204,1,131.63514601467872,1,4386.609374932959
R6_6,24,0.9242345166820574,1,148.14282532100262,0,4386.609374932959
R6_6,25,0.821246289124204,1,131.63514601467872,1,4386.609374932959
R6_6,26,0.9690259013158489,1,155.32230428431882,0,4386.609374932959
R6_6,27,0.9172002924520939,1,147.01533026151324,0,4386.609374932959
R6_6,28,1.0050449124187963,1,161.0956853621161,0,4386.609374932959
R6_6,29,1.2013777682289835,1,192.56529987886924,0,4386.609374932959
R6_6,30,0.9242345166820574,1,148.14282532100262,0,4386.609374932959
R6_6,31,1.0201885200099436,1,163.52300956783714,0,4386.609374932959
R6_6,32,1.0797294616057656,1,173.06665152349902,0,4386.609374932959
R6_6,33,1.208691546025074,1,193.73760375513274,0,4386.609374932959
R6_6,34,0.821246289124204,1,131.63514601467872,1,4386.609374932959
R6_6,35,0.9770277597987338,1,156.60489858487472,0,4386.609374932959
R6_6,36,0.9232237612848238,1,147.98081431886848,0,4386.609374932959
R6_6,37,1.277112728500752,1,204.7046333356108,0,4386.609374932959
R6_6,38,0.9878589513693825,1,158.34099834300665,0,4386.609374932959
R6_6,39,0.9172002924520939,1,147.01533026151324,0,4386.609374932959
R6_6,40,1.0050449124187963,1,161.0956853621161,0,4386.609374932959
R6_6,41,1.0797294616057656,1,173.06665152349902,0,4386.609374932959
R6_6,42,1.0838129546972688,1,173.7211825898412,0,4386.609374932959
R6_6,43,0.9172002924520939,1,147.01533026151324,0,4386.609374932959
R6_6,44,1.208691546025074,1,193.73760375513274,0,4386.609374932959
R6_6,45,1.1675151561525823,1,187.13756164230554,0,4386.609374932959
R6_6,46,1.0523547179975399,1,168.67883459244652,0,4386.609374932959
R6_6,47,0.9172002924520939,1,147.01533026151324,0,4386.609374932959
R6_6,48,1.1345362134173236,1,181.8514641586935,0,4386.609374932959
R6_6,49,1.0201885200099436,1,163.52300956783714,0,4386.609374932959
R6_6,50,1.1503792489242404,1,184.39089760257858,0,4386.609374932959
R6_6,51,1.138294890150867,1,182.45393136882763,0,4386.609374932959
R6_6,52,1.0292205170896391,1,164.97072174643077,0,4386.609374932959
R6_6,53,1.0523547179975399,1,168.67883459244652,0,4386.609374932959
R6_6,54,1.1970989693871115,1,191.8794638297131,0,4386.609374932959
R6_6,55,1.2185136754573218,1,195.31196391859618,0,4386.609374932959
R6_6,56,1.0,0,0.0,0,4386.609374932959
R6_6,57,0.9058953703036767,1,145.20329762599522,0,4386.609374932959
R6_6,58,0.9090909090909083,1,145.71550111528154,0,4386.609374932959
R6_6,59,1.1503792489242404,1,184.39089760257858,0,4386.609374932959
R6_6,60,0.9242345166820574,1,148.14282532100262,0,4386.609374932959
R6_6,61,0.9232237612848238,1,147.98081431886848,0,4386.609374932959
R6_6,62,1.0328213336329952,1,165.54788601217373,0,4386.609374932959
R6_6,63,1.0676451028323921,1,171.12968528974807,0,4386.609374932959
R6_6,64,0.9564007146696518,1,153.29865034561195,0,4386.609374932959
R6_7,1,1.0444875489479113,1,97.15726096594763,0,4326.8234376228065
R6_7,2,1.2669436041978308,1,117.8499164553713,0,4326.8234376228065
R6_7,3,0.9716285876185147,1,90.37998810451586,0,4326.8234376228065
R6_7,4,1.078941952976809,1,100.36217760380866,0,4326.8234376228065
R6_7,5,1.0,0,0.0,0,4326.8234376228065
R6_7,6,1.078941952976809,1,100.36217760380866,0,4326.8234376228065
R6_7,7,1.0055509431776297,1,93.53541408824958,0,4326.8234376228065
R6_7,8,1.1005859435607839,1,102.37548149013068,0,4326.8234376228065
R6_7,9,0.9405268703463179,1,87.48693527248568,0,4326.8234376228065
R6_7,10,1.0055509431776297,1,93.53541408824958,0,4326.8234376228065
R6_7,11,0.9430132646500233,1,87.71821735954624,0,4326.8234376228065
R6_7,12,0.9405268703463179,1,87.48693527248568,0,4326.8234376228065
R6_7,13,1.2252460562462897,1,113.97124930223133,0,4326.8234376228065
R6_7,14,0.9430132646500233,1,87.71821735954624,0,4326.8234376228065
R6_7,15,1.2252460562462897,1,113.97124930223133,0,4326.8234376228065
R6_7,16,1.083150275713752,1,100.75363187321942,0,4326.8234376228065
R6_7,17,0.9430132646500233,1,87.71821735954624,0,4326.8234376228065
R6_7,18,0.9090909090909083,1,84.56279137581254,1,4326.8234376228065
R6_7,19,1.3428123410503296,1,124.90715583841616,0,4326.8234376228065
R6_7,20,0.9090909090909083,1,84.56279137581254,1,4326.8234376228065
R6_7,21,1.1005859435607839,1,102.37548149013068,0,4326.8234376228065
R6_7,22,0.9895033597846403,1,92.04268279704753,0,4326.8234376228065
R6_7,23,1.2639087830121305,1,117.56762020950309,0,4326.8234376228065
R6_7,24,1.0299654635384865,1,95.80643007924682,0,4326.8234376228065
R6_7,25,1.0055509431776297,1,93.53541408824958,0,4326.8234376228065
R6_7,26,1.1087088098856803,1,103.13106296557702,0,4326.8234376228065
R6_7,27,1.090470868191165,1,101.43458658107569,0,4326.8234376228065
R6_7,28,0.9716285876185147,1,90.37998810451586,0,4326.8234376228065
R6_7,29,1.3993738700618579,1,130.16845669388482,0,4326.8234376228065
R6_7,30,1.0861850968994506,1,101.0359281190876,0,4326.8234376228065
R6_7,31,1.164807204498553,1,108.34928348976007,0,4326.8234376228065
R6_7,32,1.0299654635384865,1,95.80643007924682,0,4326.8234376228065
R6_7,33,0.9090909090909083,1,84.56279137581254,1,4326.8234376228065
R6_7,34,1.05654851263205,1,98.27916059734197,0,4326.8234376228065
R6_7,35,1.1005859435607839,1,102.37548149013068,0,4326.8234376228065
R6_7,36,0.9405268703463179,1,87.48693527248568,0,4326.8234376228065
R6_7,37,1.2162018695456123,1,113.12996746178476,0,4326.8234376228065
R6_7,38,0.9405268703463179,1,87.48693527248568,0,4326.8234376228065
R6_7,39,0.9405268703463179,1,87.48693527248568,0,4326.8234376228065
R6_7,40,0.9405268703463179,1,87.48693527248568,0,4326.8234376228065
R6_7,41,1.2894673171840587,1,119.9450513018607,0,4326.8234376228065
R6_7,42,1.05654851263205,1,98.27916059734197,0,4326.8234376228065
R6_7,43,1.083150275713752,1,100.75363187321942,0,4326.8234376228065
R6_7,44,1.0861850968994506,1,101.0359281190876,0,4326.8234376228065
R6_7,45,1.0861850968994506,1,101.0359281190876,0,4326.8234376228065
R6_7,46,1.2252460562462897,1,113.97124930223133,0,4326.8234376228065
R6_7,47,0.9405268703463179,1,87.48693527248568,0,4326.8234376228065
R6_7,48,1.0047481312840851,1,93.46073727211507,0,4326.8234376228065
R6_7,49,0.9090909090909083,1,84.56279137581254,1,4326.8234376228065
R6_7,50,0.9430132646500233,1,87.71821735954624,0,4326.8234376228065
R6_7,51,1.1005859435607839,1,102.37548149013068,0,4326.8234376228065
R6_7,52,1.0,0,0.0,0,4326.8234376228065
R6_7,53,1.0,0,0.0,0,4326.8234376228065
R6_7,54,1.2669436041978308,1,117.8499164553713,0,4326.8234376228065
R6_7,55,0.9716285876185147,1,90.37998810451586,0,4326.8234376228065
R6_7,56,1.0,0,0.0,0,4326.8234376228065
R6_7,57,1.0861850968994506,1,101.0359281190876,0,4326.8234376228065
R6_7,58,1.0055509431776297,1,93.53541408824958,0,4326.8234376228065
R6_7,59,1.0759071317911086,1,100.0798813579405,0,4326.8234376228065
R6_7,60,1.2252460562462897,1,113.97124930223133,0,4326.8234376228065
R6_7,61,0.9716285876185147,1,90.37998810451586,0,4326.8234376228065
R6_7,62,0.9716285876185147,1,90.37998810451586,0,4326.8234376228065
R6_7,63,1.1005859435607839,1,102.37548149013068,0,4326.8234376228065
R6_7,64,1.05654851263205,1,98.27916059734197,0,4326.8234376228065
R6_8,1,1.519653739627124,1,146.791423405655,0,4160.882812584532
R6_8,2,1.2545652035784691,1,121.185114204816,0,4160.882812584532
R6_8,3,0.9594834283025673,1,92.68159877606747,0,4160.882812584532
R6_8,4,0.9171281635559438,1,88.59027886630585,0,4160.882812584532
R6_8,5,1.0,0,0.0,0,4160.882812584532
R6_8,6,1.5060855563083422,1,145.48080053778938,0,4160.882812584532
R6_8,7,1.0,0,0.0,0,4160.882812584532
R6_8,8,1.0,0,0.0,0,4160.882812584532
R6_8,9,0.9090909090909101,1,87.81391778323079,1,4160.882812584532
R6_8,10,0.9594834283025673,1,92.68159877606747,0,4160.882812584532
R6_8,11,0.9594834283025673,1,92.68159877606747,0,4160.882812584532
R6_8,12,0.9171281635559438,1,88.59027886630585,0,4160.882812584532
R6_8,13,0.9171281635559438,1,88.59027886630585,0,4160.882812584532
R6_8,14,1.3067690180987288,1,126.2277578286945,0,4160.882812584532
R6_8,15,0.9090909090909101,1,87.81391778323079,1,4160.882812584532
R6_8,16,1.0843564546792734,1,104.74374741481353,0,4160.882812584532
R6_8,17,0.9594834283025673,1,92.68159877606747,0,4160.882812584532
R6_8,18,1.3786281059159275,1,133.16900866120776,0,4160.882812584532
R6_8,19,0.9171281635559438,1,88.59027886630585,0,4160.882812584532
R6_8,20,0.9514461738375335,1,91.90523769299242,0,4160.882812584532
R6_8,21,0.9514461738375335,1,91.90523769299242,0,4160.882812584532
R6_8,22,1.0,0,0.0,0,4160.882812584532
R6_8,23,0.9171281635559438,1,88.59027886630585,0,4160.882812584532
R6_8,24,1.2374673314977187,1,119.53353995833221,0,4160.882812584532
R6_8,25,1.254138640398006,1,121.1439102023517,0,4160.882812584532
R6_8,26,0.9090909090909101,1,87.81391778323079,1,4160.882812584532
R6_8,27,1.2374673314977187,1,119.53353995833221,0,4160.882812584532
R6_8,28,1.2969833879833264,1,125.28251185844228,0,4160.882812584532
R6_8,29,0.9514461738375335,1,91.90523769299242,0,4160.882812584532
R6_8,30,1.0843564546792734,1,104.74374741481353,0,4160.882812584532
R6_8,31,0.9594834283025673,1,92.68159877606747,0,4160.882812584532
R6_8,32,1.229430077032685,1,118.75717887525717,0,4160.882812584532
R6_8,33,1.0843564546792734,1,104.74374741481353,0,4160.882812584532
R6_8,34,1.0843564546792734,1,104.74374741481353,0,4160.882812584532
R6_8,35,0.9090909090909101,1,87.81391778323079,1,4160.882812584532
R6_8,36,1.229430077032685,1,118.75717887525717,0,4160.882812584532
R6_8,37,1.1558134961990074,1,111.64616246076497,0,4160.882812584532
R6_8,38,1.1558134961990074,1,111.64616246076497,0,4160.882812584532
R6_8,39,0.9514461738375335,1,91.90523769299242,0,4160.882812584532
R6_8,40,0.9171281635559438,1,88.59027886630585,0,4160.882812584532
R6_8,41,0.9171281635559438,1,88.59027886630585,0,4160.882812584532
R6_8,42,1.0,0,0.0,0,4160.882812584532
R6_8,43,0.9594834283025673,1,92.68159877606747,0,4160.882812584532
R6_8,44,0.9594834283025673,1,92.68159877606747,0,4160.882812584532
R6_8,45,0.9171281635559438,1,88.59027886630585,0,4160.882812584532
R6_8,46,1.0,0,0.0,0,4160.882812584532
R6_8,47,1.0,0,0.0,0,4160.882812584532
R6_8,48,0.9171281635559438,1,88.59027886630585,0,4160.882812584532
R6_8,49,0.9514461738375335,1,91.90523769299242,0,4160.882812584532
R6_8,50,0.9171281635559438,1,88.59027886630585,0,4160.882812584532
R6_8,51,0.9171281635559438,1,88.59027886630585,0,4160.882812584532
R6_8,52,0.9594834283025673,1,92.68159877606747,0,4160.882812584532
R6_8,53,1.5622614848725984,1,150.90713174736143,0,4160.882812584532
R6_8,54,1.0,0,0.0,0,4160.882812584532
R6_8,55,0.9171281635559438,1,88.59027886630585,0,4160.882812584532
R6_8,56,1.2969833879833264,1,125.28251185844228,0,4160.882812584532
R6_8,57,1.254138640398006,1,121.1439102023517,0,4160.882812584532
R6_8,58,1.0843564546792734,1,104.74374741481353,0,4160.882812584532
R6_8,59,0.9090909090909101,1,87.81391778323079,1,4160.882812584532
R6_8,60,0.9090909090909101,1,87.81391778323079,1,4160.882812584532
R6_8,61,1.6565279868972453,1,160.0128336917171,0,4160.882812584532
R6_8,62,1.2545652035784691,1,121.185114204816,0,4160.882812584532
R6_8,63,1.0,0,0.0,0,4160.882812584532
R6_8,64,0.9090909090909101,1,87.81391778323079,1,4160.882812584532
R6_9,1,1.2864899531266971,1,178.599400390556,0,4212.976562484982
R6_9,2,1.0,0,0.0,0,4212.976562484982
R6_9,3,1.495670710987314,1,207.63931464433574,0,4212.976562484982
R6_9,4,1.4068139442087055,1,195.30360597538507,0,4212.976562484982
R6_9,5,1.0115401310646135,1,140.4289714350632,0,4212.976562484982
R6_9,6,1.2864899531266971,1,178.599400390556,0,4212.976562484982
R6_9,7,0.9465546358953016,1,131.40723718590368,0,4212.976562484982
R6_9,8,0.9090909090909083,1,126.20626447142719,1,4212.976562484982
R6_9,9,1.1048238336997844,1,153.37925784527616,0,4212.976562484982
R6_9,10,1.0629797447265315,1,147.57017306979938,0,4212.976562484982
R6_9,11,1.0150164331882543,1,140.9115756507817,0,4212.976562484982
R6_9,12,1.180578900654428,1,163.8960982619175,0,4212.976562484982
R6_9,13,1.3117907274315268,1,182.111828225128,0,4212.976562484982
R6_9,14,0.9465546358953016,1,131.40723718590368,0,4212.976562484982
R6_9,15,1.039838338530469,1,144.35752359611664,0,4212.976562484982
R6_9,16,1.0023746117260792,1,139.1565508816402,0,4212.976562484982
R6_9,17,1.4068139442087055,1,195.30360597538507,0,4212.976562484982
R6_9,18,0.9696960420913623,1,134.61988665958643,0,4212.976562484982
R6_9,19,1.0,0,0.0,0,4212.976562484982
R6_9,20,1.0,0,0.0,0,4212.976562484982
R6_9,21,1.126291455671911,1,156.35954105908166,0,4212.976562484982
R6_9,22,0.9090909090909083,1,126.20626447142719,1,4212.976562484982
R6_9,23,1.039838338530469,1,144.35752359611664,0,4212.976562484982
R6_9,24,1.0150164331882543,1,140.9115756507817,0,4212.976562484982
R6_9,25,0.9217327305530851,1,127.96128924056876,0,4212.976562484982
R6_9,26,1.1048238336997844,1,153.37925784527616,0,4212.976562484982
R6_9,27,1.0023746117260792,1,139.1565508816402,0,4212.976562484982
R6_9,28,1.039838338530469,1,144.35752359611664,0,4212.976562484982
R6_9,29,1.0023746117260792,1,139.1565508816402,0,4212.976562484982
R6_9,30,1.180578900654428,1,163.8960982619175,0,4212.976562484982
R6_9,31,0.9090909090909083,1,126.20626447142719,1,4212.976562484982
R6_9,32,1.180578900654428,1,163.8960982619175,0,4212.976562484982
R6_9,33,1.222422989627681,1,169.70518303739428,0,4212.976562484982
R6_9,34,0.9090909090909083,1,126.20626447142719,1,4212.976562484982
R6_9,35,1.126291455671911,1,156.35954105908166,0,4212.976562484982
R6_9,36,0.9696960420913623,1,134.61988665958643,0,4212.976562484982
R6_9,37,1.0150164331882543,1,140.9115756507817,0,4212.976562484982
R6_9,38,1.3117907274315268,1,182.111828225128,0,4212.976562484982
R6_9,39,1.0,0,0.0,0,4212.976562484982
R6_9,40,0.9090909090909083,1,126.20626447142719,1,4212.976562484982
R6_9,41,1.039838338530469,1,144.35752359611664,0,4212.976562484982
R6_9,42,1.0,0,0.0,0,4212.976562484982
R6_9,43,1.0150164331882543,1,140.9115756507817,0,4212.976562484982
R6_9,44,0.9090909090909083,1,126.20626447142719,1,4212.976562484982
R6_9,45,1.0,0,0.0,0,4212.976562484982
R6_9,46,1.0629797447265315,1,147.57017306979938,0,4212.976562484982
R6_9,47,0.9217327305530851,1,127.96128924056876,0,4212.976562484982
R6_9,48,1.4455871806203184,1,200.68637383726005,0,4212.976562484982
R6_9,49,0.9465546358953016,1,131.40723718590368,0,4212.976562484982
R6_9,50,0.9090909090909083,1,126.20626447142719,1,4212.976562484982
R6_9,51,0.9090909090909083,1,126.20626447142719,1,4212.976562484982
R6_9,52,1.222422989627681,1,169.70518303739428,0,4212.976562484982
R6_9,53,1.2703035590273988,1,176.35229362256771,0,4212.976562484982
R6_9,54,1.4455871806203184,1,200.68637383726005,0,4212.976562484982
R6_9,55,0.9217327305530851,1,127.96128924056876,0,4212.976562484982
R6_9,56,1.5872943789100713,1,220.3591435966076,0,4212.976562484982
R6_9,57,1.257323156659115,0,35.723373800337015,0,4212.976562484982
R6_9,58,0.9217327305530851,1,127.96128924056876,0,4212.976562484982
R6_9,59,1.039838338530469,1,144.35752359611664,0,4212.976562484982
R6_9,60,1.2128013558094821,1,168.3694415288565,0,4212.976562484982
R6_9,61,0.9465546358953016,1,131.40723718590368,0,4212.976562484982
R6_9,62,0.9465546358953016,1,131.40723718590368,0,4212.976562484982
R6_9,63,1.3150682173734616,1,182.56683196378373,0,4212.976562484982
R6_9,64,1.126291455671911,1,156.35954105908166,0,4212.976562484982
R7_0,1,1.0731400860277542,1,117.87074287203312,0,7416.8187500163185
R7_0,2,1.1580230873368116,1,127.19405727597159,0,7416.8187500163185
R7_0,3,1.0060792280051025,1,110.50496345918458,0,7416.8187500163185
R7_0,4,1.0,0,0.0,0,7416.8187500163185
R7_0,5,1.0553389681647705,1,115.91551725537653,0,7416.8187500163185
R7_0,6,1.1318598267038311,1,124.32035699497737,0,7416.8187500163185
R7_0,7,1.0661857918237043,1,117.10690240548588,0,7416.8187500163185
R7_0,8,0.9597621077214509,1,105.41761890220737,0,7416.8187500163185
R7_0,9,1.060956979559231,1,116.5325841091363,0,7416.8187500163185
R7_0,10,1.1464453060821018,1,125.92238576255924,0,7416.8187500163185
R7_0,11,1.23832326339617,1,136.01400681294845,0,7416.8187500163185
R7_0,12,0.9156638780702,1,100.57399116337722,0,7416.8187500163185
R7_0,13,1.0441827396982273,1,114.69014793582296,0,7416.8187500163185
R7_0,14,1.0899143258887563,1,119.71317904534644,0,7416.8187500163185
R7_0,15,1.0464783964728248,1,114.94229653498917,0,7416.8187500163185
R7_0,16,1.2183545411804158,1,133.82069752143855,0,7416.8187500163185
R7_0,17,0.9156638780702,1,100.57399116337722,0,7416.8187500163185
R7_0,18,1.2534611989290774,1,137.67671583858655,0,7416.8187500163185
R7_0,19,1.23832326339617,1,136.01400681294845,0,7416.8187500163185
R7_0,20,1.0008504157406293,1,109.930645162835,0,7416.8187500163185
R7_0,21,1.0110582104103116,1,111.05184113386066,0,7416.8187500163185
R7_0,22,0.9090909090909101,1,99.85203440623879,0,7416.8187500163185
R7_0,23,0.9643594338347832,1,105.92257650397688,0,7416.8187500163185
R7_0,24,0.9597621077214509,1,105.41761890220737,0,7416.8187500163185
R7_0,25,1.1517663109822838,1,126.50683024336476,0,7416.8187500163185
R7_0,26,1.1806402756292247,1,129.6782667658725,0,7416.8187500163185
R7_0,27,1.0494115519627005,1,115.26446623217252,0,7416.8187500163185
R7_0,28,1.0731400860277542,1,117.87074287203312,0,7416.8187500163185
R7_0,29,1.1251243616509203,1,123.58055211795175,0,7416.8187500163185
R7_0,30,1.1552590486657959,1,126.89046290304537,0,7416.8187500163185
R7_0,31,1.1965623786125938,1,131.42710657827914,0,7416.8187500163185
R7_0,32,1.0165334072868593,1,111.65322163544856,0,7416.8187500163185
R7_0,33,1.227869084114415,1,134.86574863668446,0,7416.8187500163185
R7_0,34,1.3294308501479843,1,146.021012488661,0,7416.8187500163185
R7_0,35,1.0732428091651354,1,117.8820256977059,0,7416.8187500163185
R7_0,36,1.0441827396982273,1,114.69014793582296,0,7416.8187500163185
R7_0,37,1.1183531075682893,1,122.83681627275624,0,7416.8187500163185
R7_0,38,1.127719278412286,1,123.86557060746246,0,7416.8187500163185
R7_0,39,1.069036597419542,1,117.4200270177711,0,7416.8187500163185
R7_0,40,1.021839651180418,1,112.23604480805871,0,7416.8187500163185
R7_0,41,1.0441827396982273,1,114.69014793582296,0,7416.8187500163185
R7_0,42,1.148994322825498,1,126.20236272087936,0,7416.8187500163185
R7_0,43,1.2646757215577615,1,138.90848802789242,0,7416.8187500163185
R7_0,44,1.1720332885267997,1,128.73289907635873,0,7416.8187500163185
R7_0,45,1.1552590486657959,1,126.89046290304537,0,7416.8187500163185
R7_0,46,1.0553389681647705,1,115.91551725537653,0,7416.8187500163185
R7_0,47,1.017712437445228,1,111.78272305138198,0,7416.8187500163185
R7_0,48,1.1270202096619286,1,123.78878682685837,0,7416.8187500163185
R7_0,49,1.0661857918237043,1,117.10690240548588,0,7416.8187500163185
R7_0,50,1.0732428091651354,1,117.8820256977059,0,7416.8187500163185
R7_0,51,1.1592021174951803,1,127.323558691905,0,7416.8187500163185
R7_0,52,0.9643594338347832,1,105.92257650397688,0,7416.8187500163185
R7_0,53,1.1699835582652867,1,128.50776236610304,0,7416.8187500163185
R7_0,54,1.2646757215577615,1,138.90848802789242,0,7416.8187500163185
R7_0,55,1.1517663109822838,1,126.50683024336476,0,7416.8187500163185
R7_0,56,0.9071950610799,1,99.64379969733218,1,7416.8187500163185
R7_0,57,1.2253955651442787,1,134.59406414524298,0,7416.8187500163185
R7_0,58,1.1239193261654457,1,123.44819434871981,0,7416.8187500163185
R7_0,59,0.9156638780702,1,100.57399116337722,0,7416.8187500163185
R7_0,60,0.9825659331166197,1,107.92232809595475,0,7416.8187500163185
R7_0,61,1.0731400860277542,1,117.87074287203312,0,7416.8187500163185
R7_0,62,0.9795926993245185,1,107.59575630875739,0,7416.8187500163185
R7_0,63,0.9795926993245185,1,107.59575630875739,0,7416.8187500163185
R7_0,64,0.9390809300087355,1,103.14605546682255,0,7416.8187500163185
R7_1,1,1.1705435204498649,1,111.94814877177097,0,6806.849999975384
R7_1,2,0.9364217933385497,1,89.55727352495532,0,6806.849999975384
R7_1,3,1.1326357604960897,1,108.32273589581156,0,6806.849999975384
R7_1,4,1.0968995589415726,1,104.90500597951967,0,6806.849999975384
R7_1,5,1.1463840309555664,1,109.63758955128318,0,6806.849999975384
R7_1,6,1.2199542376766068,1,116.67367860161714,0,6806.849999975384
R7_1,7,0.953584763806834,1,91.19870140677425,0,6806.849999975384
R7_1,8,1.0968995589415726,1,104.90500597951967,0,6806.849999975384
R7_1,9,1.2353529072888492,1,118.14637271894165,0,6806.849999975384
R7_1,10,1.0447157606401127,1,99.91426491464867,0,6806.849999975384
R7_1,11,0.993712950264177,1,95.0364708779524,0,6806.849999975384
R7_1,12,1.075866768043202,1,102.89347717820549,0,6806.849999975384
R7_1,13,1.0270760323284822,1,98.22724098531607,0,6806.849999975384
R7_1,14,1.0583573453781252,1,101.21891538774398,0,6806.849999975384
R7_1,15,0.9806246050016014,1,93.7847309835929,0,6806.849999975384
R7_1,16,1.0849330718408758,1,103.76055807577208,0,6806.849999975384
R7_1,17,0.999775191149519,1,95.61624995721449,0,6806.849999975384
R7_1,18,0.955871133187344,1,91.41736463038353,0,6806.849999975384
R7_1,19,0.9090909090909101,1,86.94340924535706,1,6806.849999975384
R7_1,20,1.0,0,0.0,0,6806.849999975384
R7_1,21,1.1173977701325182,1,106.86540878032906,0,6806.849999975384
R7_1,22,1.310275975480641,1,125.31184639663009,0,6806.849999975384
R7_1,23,0.9412866131480833,1,90.02253394652092,0,6806.849999975384
R7_1,24,1.226294510423287,1,117.28004802257314,0,6806.849999975384
R7_1,25,1.3722266346495964,1,131.2366680610907,0,6806.849999975384
R7_1,26,1.3995653245242732,1,133.85127885329734,0,6806.849999975384
R7_1,27,1.2199542376766068,1,116.67367860161714,0,6806.849999975384
R7_1,28,1.0839527098515838,1,103.66679846076393,0,6806.849999975384
R7_1,29,1.3722266346495964,1,131.2366680610907,0,6806.849999975384
R7_1,30,0.9218372732992908,1,88.16244284109273,0,6806.849999975384
R7_1,31,1.0394978022830834,1,99.415231116902,0,6806.849999975384
R7_1,32,1.5336453766052145,1,146.6743933769805,0,6806.849999975384
R7_1,33,0.955871133187344,1,91.41736463038353,0,6806.849999975384
R7_1,34,1.1696945080279253,1,111.86695113387024,0,6806.849999975384
R7_1,35,0.9406410497558859,1,89.96079371609909,0,6806.849999975384
R7_1,36,1.0982851339853923,1,105.0375192594022,0,6806.849999975384
R7_1,37,0.953584763806834,1,91.19870140677425,0,6806.849999975384
R7_1,38,0.9412866131480833,1,90.02253394652092,0,6806.849999975384
R7_1,39,1.0849330718408758,1,103.76055807577208,0,6806.849999975384
R7_1,40,1.0648021237036662,1,101.83527948714234,0,6806.849999975384
R7_1,41,1.0346736443492919,1,98.95385950565003,0,6806.849999975384
R7_1,42,1.1811759287550032,1,112.96500838096215,0,6806.849999975384
R7_1,43,0.955871133187344,1,91.41736463038353,0,6806.849999975384
R7_1,44,1.075866768043202,1,102.89347717820549,0,6806.849999975384
R7_1,45,0.9681692838460947,1,92.59353209063686,0,6806.849999975384
R7_1,46,0.9285402489397008,1,88.80350035078527,0,6806.849999975384
R7_1,47,1.052859212905382,1,100.69308636791492,0,6806.849999975384
R7_1,48,1.310275975480641,1,125.31184639663009,0,6806.849999975384
R7_1,49,1.1715473717100373,1,112.04415484779912,0,6806.849999975384
R7_1,50,1.0,0,0.0,0,6806.849999975384
R7_1,51,1.0270760323284822,1,98.22724098531607,0,6806.849999975384
R7_1,52,0.9406410497558859,1,89.96079371609909,0,6806.849999975384
R7_1,53,0.9216878134505357,1,88.148148837417,0,6806.849999975384
R7_1,54,1.052859212905382,1,100.69308636791492,0,6806.849999975384
R7_1,55,0.955871133187344,1,91.41736463038353,0,6806.849999975384
R7_1,56,1.2096901845212145,1,115.69204765021121,0,6806.849999975384
R7_1,57,0.9490186976981789,1,90.76201311701527,0,6806.849999975384
R7_1,58,1.0839527098515838,1,103.66679846076393,0,6806.849999975384
R7_1,59,0.9412866131480833,1,90.02253394652092,0,6806.849999975384
R7_1,60,1.18158948800086,1,113.00456025679773,0,6806.849999975384
R7_1,61,0.9408383995984515,1,89.97966781103858,0,6806.849999975384
R7_1,62,1.078877639015296,1,103.1814301040287,0,6806.849999975384
R7_1,63,1.0447157606401127,1,99.91426491464867,0,6806.849999975384
R7_1,64,1.277386758584079,1,122.16639568779321,0,6806.849999975384
R7_2,1,1.1202910696450754,1,154.90672766251265,0,7278.773437519703
R7_2,2,1.2081921453392788,1,167.06112964138205,0,7278.773437519703
R7_2,3,1.0568971179076598,1,146.1410149979017,0,7278.773437519703
R7_2,4,0.9447636660693206,1,130.63591408579472,0,7278.773437519703
R7_2,5,1.0579535951628802,1,146.28709795695596,0,7278.773437519703
R7_2,6,0.9829030083996155,1,135.90957989967833,0,7278.773437519703
R7_2,7,1.186721926509879,1,164.09236426318958,0,7278.773437519703
R7_2,8,1.0657163935944105,1,147.3604883776375,0,7278.773437519703
R7_2,9,1.3265831333560243,1,183.43148287843474,0,7278.773437519703
R7_2,10,1.0004875498508117,1,138.34105851042324,0,7278.773437519703
R7_2,11,1.4015389403834213,1,193.79589539633125,0,7278.773437519703
R7_2,12,1.0677219387722676,1,147.63780241601484,0,7278.773437519703
R7_2,13,1.4302533453551511,1,197.76634078456058,0,7278.773437519703
R7_2,14,0.9090909090909101,1,125.70331201482003,1,7278.773437519703
R7_2,15,1.0,0,0.0,0,7278.773437519703
R7_2,16,0.9652065589729784,1,133.46262736546424,0,7278.773437519703
R7_2,17,1.2423152851574226,1,171.7794605020158,0,7278.773437519703
R7_2,18,1.2708706395393374,1,175.72791338573586,0,7278.773437519703
R7_2,19,1.22651503983856,1,169.59470301806547,0,7278.773437519703
R7_2,20,1.0568971179076598,1,146.1410149979017,0,7278.773437519703
R7_2,21,0.9488840224195911,1,131.20565076969592,0,7278.773437519703
R7_2,22,0.9431098950709345,1,130.40724114480244,0,7278.773437519703
R7_2,23,1.0426590379183942,1,144.17226380538074,0,7278.773437519703
R7_2,24,1.1231448538756972,1,155.30133080503384,0,7278.773437519703
R7_2,25,1.1725258417819369,1,162.12941990844973,0,7278.773437519703
R7_2,26,1.0677219387722676,1,147.63780241601484,0,7278.773437519703
R7_2,27,0.9431098950709345,1,130.40724114480244,0,7278.773437519703
R7_2,28,1.0,0,0.0,0,7278.773437519703
R7_2,29,0.9090909090909101,1,125.70331201482003,1,7278.773437519703
R7_2,30,0.9090909090909101,1,125.70331201482003,1,7278.773437519703
R7_2,31,1.3339016902539864,1,184.44344640380194,0,7278.773437519703
R7_2,32,1.0,0,0.0,0,7278.773437519703
R7_2,33,1.6632769564902183,1,229.98736445162513,0,7278.773437519703
R7_2,34,1.0259232802657294,1,141.8581496227616,0,7278.773437519703
R7_2,35,1.288607129575274,1,178.18040248087448,0,7278.773437519703
R7_2,36,0.9606944365221306,1,132.83871975554737,0,7278.773437519703
R7_2,37,1.6337062821398547,1,225.89851957683732,0,7278.773437519703
R7_2,38,1.1739300132477108,1,162.32357981272267,0,7278.773437519703
R7_2,39,0.9090909090909101,1,125.70331201482003,1,7278.773437519703
R7_2,40,0.9488840224195911,1,131.20565076969592,0,7278.773437519703
R7_2,41,1.2255335406789332,1,169.45898755345002,0,7278.773437519703
R7_2,42,1.2423152851574226,1,171.7794605020158,0,7278.773437519703
R7_2,43,0.9787826520493468,1,135.33984321577717,0,7278.773437519703
R7_2,44,1.2376990088684572,1,171.14115116144762,0,7278.773437519703
R7_2,45,1.5840636273057136,1,219.03424883399154,0,7278.773437519703
R7_2,46,1.1599651729932425,1,160.39261047380373,0,7278.773437519703
R7_2,47,1.207948999227737,1,167.02750894270514,0,7278.773437519703
R7_2,48,0.9910555104871719,1,137.0368560646534,0,7278.773437519703
R7_2,49,1.0,0,0.0,0,7278.773437519703
R7_2,50,0.9910555104871719,1,137.0368560646534,0,7278.773437519703
R7_2,51,1.2255335406789332,1,169.45898755345002,0,7278.773437519703
R7_2,52,1.3489836529234385,1,186.5288843289592,0,7278.773437519703
R7_2,53,1.1775102469463974,1,162.81863176980593,0,7278.773437519703
R7_2,54,0.9311875729929522,1,128.7586982354818,0,7278.773437519703
R7_2,55,0.9652065589729784,1,133.46262736546424,0,7278.773437519703
R7_2,56,0.9801923658851166,1,135.53476948374137,0,7278.773437519703
R7_2,57,1.4623410523835112,1,202.20322493782936,0,7278.773437519703
R7_2,58,0.9311875729929522,1,128.7586982354818,0,7278.773437519703
R7_2,59,0.9431098950709345,1,130.40724114480244,0,7278.773437519703
R7_2,60,1.3226261155552983,1,182.88433161085692,0,7278.773437519703
R7_2,61,0.9311875729929522,1,128.7586982354818,0,7278.773437519703
R7_2,62,1.22651503983856,1,169.59470301806547,0,7278.773437519703
R7_2,63,1.0982969177618926,1,151.8655161521723,0,7278.773437519703
R7_2,64,1.2390422625531006,1,171.3268877421872,0,7278.773437519703
R7_3,1,0.9849467345589851,1,131.473062120916,0,7825.525000043854
R7_3,2,1.186188338905545,1,158.3352761079646,0,7825.525000043854
R7_3,3,1.0706091841495393,1,142.90749218833625,0,7825.525000043854
R7_3,4,1.1663956348520585,1,155.69329830524592,0,7825.525000043854
R7_3,5,1.2367973490840747,1,165.0906886654355,0,7825.525000043854
R7_3,6,1.067186547510591,1,142.45063040722573,0,7825.525000043854
R7_3,7,1.2376076688747908,1,165.198852102548,0,7825.525000043854
R7_3,8,0.991979888795715,1,132.41186448598523,0,7825.525000043854
R7_3,9,1.0369907942529988,1,138.42002854366322,0,7825.525000043854
R7_3,10,0.991979888795715,1,132.41186448598523,0,7825.525000043854
R7_3,11,0.991979888795715,1,132.41186448598523,0,7825.525000043854
R7_3,12,1.0369907942529988,1,138.42002854366322,0,7825.525000043854
R7_3,13,1.0336202453785148,1,137.97011956279331,0,7825.525000043854
R7_3,14,1.0369907942529988,1,138.42002854366322,0,7825.525000043854
R7_3,15,1.231553348218144,1,164.39070680101793,0,7825.525000043854
R7_3,16,1.1811602981084945,1,157.66412111362555,0,7825.525000043854
R7_3,17,0.9687921463237856,1,129.31670877909258,0,7825.525000043854
R7_3,18,1.1049879287324291,1,147.4964498076629,0,7825.525000043854
R7_3,19,1.2367973490840747,1,165.0906886654355,0,7825.525000043854
R7_3,20,1.0746614914530603,1,143.44840392615473,0,7825.525000043854
R7_3,21,1.006186307404386,1,134.30817145439204,0,7825.525000043854
R7_3,22,1.0443484075053142,1,139.40214047950965,0,7825.525000043854
R7_3,23,1.0363820606619782,1,138.33877331795455,0,7825.525000043854
R7_3,24,1.1259559883141357,1,150.29531689683105,0,7825.525000043854
R7_3,25,1.0443484075053142,1,139.40214047950965,0,7825.525000043854
R7_3,26,1.0336202453785148,1,137.97011956279331,0,7825.525000043854
R7_3,27,0.9379876594751693,1,125.20485168982142,0,7825.525000043854
R7_3,28,0.9464191702077098,1,126.33031004753512,0,7825.525000043854
R7_3,29,0.9406178372600369,1,125.55593415465486,0,7825.525000043854
R7_3,30,0.9090909090909101,1,121.34764385810684,1,7825.525000043854
R7_3,31,1.1088985895635357,1,148.0184542332243,0,7825.525000043854
R7_3,32,0.9620382166740136,1,128.4151779843312,0,7825.525000043854
R7_3,33,1.0063671139729635,1,134.33230595059237,0,7825.525000043854
R7_3,34,1.2173280253182686,1,162.49187644229505,0,7825.525000043854
R7_3,35,0.9926618969540506,1,132.50290057740204,0,7825.525000043854
R7_3,36,1.1853471854076751,1,158.22299691336582,0,7825.525000043854
R7_3,37,1.0727930572124258,1,143.19900082406937,0,7825.525000043854
R7_3,38,0.9379876594751693,1,125.20485168982142,0,7825.525000043854
R7_3,39,1.177624107905011,1,157.19210192925607,0,7825.525000043854
R7_3,40,1.1702848856130856,1,156.21244486309226,0,7825.525000043854
R7_3,41,1.0,0,0.0,0,7825.525000043854
R7_3,42,1.1088985895635357,1,148.0184542332243,0,7825.525000043854
R7_3,43,0.9406178372600369,1,125.55593415465486,0,7825.525000043854
R7_3,44,1.0,0,0.0,0,7825.525000043854
R7_3,45,0.9686113397552063,1,129.29257428289228,0,7825.525000043854
R7_3,46,1.0441051381646407,1,139.36966830206433,0,7825.525000043854
R7_3,47,1.0749096250132553,1,143.48152539133548,0,7825.525000043854
R7_3,48,0.9929863559696379,1,132.54621014817926,0,7825.525000043854
R7_3,49,1.210863859502341,1,161.6290240218973,0,7825.525000043854
R7_3,50,1.177624107905011,1,157.19210192925607,0,7825.525000043854
R7_3,51,0.9755626271243489,1,130.22044886132122,0,7825.525000043854
R7_3,52,1.0,0,0.0,0,7825.525000043854
R7_3,53,1.0749096250132553,1,143.48152539133548,0,7825.525000043854
R7_3,54,0.9849467345589851,1,131.473062120916,0,7825.525000043854
R7_3,55,1.2810707753748751,1,171.00041222794096,0,7825.525000043854
R7_3,56,0.9406178372600369,1,125.55593415465486,0,7825.525000043854
R7_3,57,1.1012328644295746,1,146.99521478140713,0,7825.525000043854
R7_3,58,1.1834787511670388,1,157.97359381128044,0,7825.525000043854
R7_3,59,1.241784837805671,1,165.75643067108376,0,7825.525000043854
R7_3,60,1.066938413950398,1,142.41750894204498,0,7825.525000043854
R7_3,61,1.0595096101966934,1,141.42589432662888,0,7825.525000043854
R7_3,62,1.312694672976395,1,175.22164623785102,0,7825.525000043854
R7_3,63,1.0,0,0.0,0,7825.525000043854
R7_3,64,1.1834787511670388,1,157.97359381128044,0,7825.525000043854
R7_4,1,1.0,0,0.0,0,6902.303124888931
R7_4,2,0.9740819580149722,1,133.08427973325865,0,6902.303124888931
R7_4,3,1.0484252006111685,1,143.2414506083993,0,6902.303124888931
R7_4,4,1.1856594352825454,1,161.99112472535336,0,6902.303124888931
R7_4,5,1.1528942621755043,1,157.5145717747453,0,6902.303124888931
R7_4,6,1.127679798977054,1,154.0696371406361,0,6902.303124888931
R7_4,7,1.0,0,0.0,0,6902.303124888931
R7_4,8,1.6813638361362067,1,229.71690755645466,0,6902.303124888931
R7_4,9,1.0710310378148264,1,146.32998082627438,0,6902.303124888931
R7_4,10,1.3583952513997293,1,185.59121451547617,0,6902.303124888931
R7_4,11,0.919349888305165,1,125.6064920422888,0,6902.303124888931
R7_4,12,1.117420819762799,1,152.66800060657073,0,6902.303124888931
R7_4,13,1.1528942621755043,1,157.5145717747453,0,6902.303124888931
R7_4,14,1.0710310378148264,1,146.32998082627438,0,6902.303124888931
R7_4,15,1.415373563170398,1,193.37589579411255,0,6902.303124888931
R7_4,16,0.9740819580149722,1,133.08427973325865,0,6902.303124888931
R7_4,17,1.117420819762799,1,152.66800060657073,0,6902.303124888931
R7_4,18,1.1337446441114594,1,154.8982486755945,0,6902.303124888931
R7_4,19,0.9740819580149722,1,133.08427973325865,0,6902.303124888931
R7_4,20,1.4392685570217694,1,196.64055747865984,0,6902.303124888931
R7_4,21,1.0484252006111685,1,143.2414506083993,0,6902.303124888931
R7_4,22,1.0484252006111685,1,143.2414506083993,0,6902.303124888931
R7_4,23,1.4940006267315766,1,204.1183451696297,0,6902.303124888931
R7_4,24,1.1312341502176153,1,154.55525159112153,0,6902.303124888931
R7_4,25,1.0,0,0.0,0,6902.303124888931
R7_4,26,0.9638229788007155,1,131.6826431991933,0,6902.303124888931
R7_4,27,1.1337446441114594,1,154.8982486755945,0,6902.303124888931
R7_4,28,1.0221891124356617,1,139.65693611336553,0,6902.303124888931
R7_4,29,1.3863904481750051,1,189.41606782291342,0,6902.303124888931
R7_4,30,1.0983592902905777,1,150.0637126413218,0,6902.303124888931
R7_4,31,1.3259032969242703,1,181.15199015359164,0,6902.303124888931
R7_4,32,1.117420819762799,1,152.66800060657073,0,6902.303124888931
R7_4,33,1.3687470039431258,1,187.0055262372764,0,6902.303124888931
R7_4,34,1.3285142326188915,1,181.50871013335248,0,6902.303124888931
R7_4,35,1.3614124097666362,1,186.003434806384,0,6902.303124888931
R7_4,36,1.0710310378148264,1,146.32998082627438,0,6902.303124888931
R7_4,37,1.1337446441114594,1,154.8982486755945,0,6902.303124888931
R7_4,38,1.4434153705059138,1,197.2071172852394,0,6902.303124888931
R7_4,39,1.0324480916499184,1,141.0585726474309,0,6902.303124888931
R7_4,40,0.9638229788007155,1,131.6826431991933,0,6902.303124888931
R7_4,41,1.0484252006111685,1,143.2414506083993,0,6902.303124888931
R7_4,42,1.3648204881010635,1,186.4690646711812,0,6902.303124888931
R7_4,43,0.919349888305165,1,125.6064920422888,0,6902.303124888931
R7_4,44,1.088100311076321,1,148.66207610725647,0,6902.303124888931
R7_4,45,1.104171153532274,1,150.85776043890695,0,6902.303124888931
R7_4,46,1.1337581802269376,1,154.90009805198858,0,6902.303124888931
R7_4,47,1.127679798977054,1,154.0696371406361,0,6902.303124888931
R7_4,48,1.3285142326188915,1,181.50871013335248,0,6902.303124888931
R7_4,49,1.1859662199274226,1,162.03303928209135,0,6902.303124888931
R7_4,50,1.1234856648972027,1,153.49661214152914,0,6902.303124888931
R7_4,51,0.919349888305165,1,125.6064920422888,0,6902.303124888931
R7_4,52,1.2556852984351625,1,171.55843216153366,0,6902.303124888931
R7_4,53,1.1337446441114594,1,154.8982486755945,0,6902.303124888931
R7_4,54,1.6048094171683225,1,219.2576339553904,0,6902.303124888931
R7_4,55,1.0333682413665155,1,141.18428841628662,0,6902.303124888931
R7_4,56,1.117420819762799,1,152.66800060657073,0,6902.303124888931
R7_4,57,1.4392685570217694,1,196.64055747865984,0,6902.303124888931
R7_4,58,1.2017361875546708,1,164.18761648765414,0,6902.303124888931
R7_4,59,0.9740819580149722,1,133.08427973325865,0,6902.303124888931
R7_4,60,0.9638229788007155,1,131.6826431991933,0,6902.303124888931
R7_4,61,1.4579612018525339,1,199.19444645395868,0,6902.303124888931
R7_4,62,1.5546462217874133,1,212.4040702778622,0,6902.303124888931
R7_4,63,1.0221891124356617,1,139.65693611336553,0,6902.303124888931
R7_4,64,1.0586841798254252,1,144.64308714246465,0,6902.303124888931
R7_5,1,0.9524677930382524,1,132.27728172998158,0,7876.471875079005
R7_5,2,1.0,0,0.0,0,7876.471875079005
R7_5,3,0.9288306472876258,1,128.99459079743605,0,7876.471875079005
R7_5,4,1.6127972072992875,1,223.98282873454318,0,7876.471875079005
R7_5,5,1.352994221351949,1,187.9017842964704,0,7876.471875079005
R7_5,6,1.1703000088471605,1,162.52948930175404,0,7876.471875079005
R7_5,7,1.4959194170790688,1,207.75101859047433,0,7876.471875079005
R7_5,8,1.389953674289906,1,193.03465703462885,0,7876.471875079005
R7_5,9,1.4980627398152961,1,208.04867999959527,0,7876.471875079005
R7_5,10,1.0246038501819044,1,142.29542787983019,0,7876.471875079005
R7_5,11,1.0040845715576765,1,139.44574160244431,0,7876.471875079005
R7_5,12,0.9288306472876258,1,128.99459079743605,0,7876.471875079005
R7_5,13,1.202423162810799,1,166.99070417742902,0,7876.471875079005
R7_5,14,0.9493018689041257,1,131.837602990515,0,7876.471875079005
R7_5,15,1.0887497410764198,1,151.20391186605298,0,7876.471875079005
R7_5,16,1.455766013795504,1,202.174574875128,0,7876.471875079005
R7_5,17,1.0009667044312778,1,139.01273694728465,0,7876.471875079005
R7_5,18,1.1229619334246692,1,155.95524922247373,0,7876.471875079005
R7_5,19,1.1631728932378884,1,161.53968630131592,0,7876.471875079005
R7_5,20,1.290765633445499,1,179.2595724397277,0,7876.471875079005
R7_5,21,0.9804474258070499,1,136.16305066989878,0,7876.471875079005
R7_5,22,0.9493018689041257,1,131.837602990515,0,7876.471875079005
R7_5,23,1.0040845715576765,1,139.44574160244431,0,7876.471875079005
R7_5,24,1.1703000088471605,1,162.52948930175404,0,7876.471875079005
R7_5,25,0.9493018689041257,1,131.837602990515,0,7876.471875079005
R7_5,26,1.254576278397316,1,174.23364972787994,0,7876.471875079005
R7_5,27,1.0532193391192948,1,146.26950355953153,0,7876.471875079005
R7_5,28,1.5139502444676918,1,210.25511253647673,0,7876.471875079005
R7_5,29,1.0,0,0.0,0,7876.471875079005
R7_5,30,1.2241513154534722,1,170.00827704403372,0,7876.471875079005
R7_5,31,1.0009667044312778,1,139.01273694728465,0,7876.471875079005
R7_5,32,0.9493018689041257,1,131.837602990515,0,7876.471875079005
R7_5,33,1.360345066144724,1,188.9226584664049,0,7876.471875079005
R7_5,34,0.9090909090909101,1,126.25316591167277,1,7876.471875079005
R7_5,35,1.2159398120179326,1,168.86787590783874,0,7876.471875079005
R7_5,36,1.1023695062407661,1,153.09540418412251,0,7876.471875079005
R7_5,37,1.4079222263258906,1,195.53010227416004,0,7876.471875079005
R7_5,38,1.1391231970181863,1,158.19970098566944,0,7876.471875079005
R7_5,39,1.4702889907251517,1,204.1915038725414,0,7876.471875079005
R7_5,40,0.9643610492447507,1,133.92899910395755,0,7876.471875079005
R7_5,41,1.2477884612040988,1,173.29096797657925,0,7876.471875079005
R7_5,42,1.524799099827769,1,211.76178510577705,0,7876.471875079005
R7_5,43,0.9493018689041257,1,131.837602990515,0,7876.471875079005
R7_5,44,1.1427016716213867,1,158.696674108237,0,7876.471875079005
R7_5,45,1.239517098056691,1,172.1422536144374,0,7876.471875079005
R7_5,46,1.1703000088471605,1,162.52948930175404,0,7876.471875079005
R7_5,47,1.0009667044312778,1,139.01273694728465,0,7876.471875079005
R7_5,48,1.0532193391192948,1,146.26950355953153,0,7876.471875079005
R7_5,49,1.0768564848699214,1,149.55219449207706,0,7876.471875079005
R7_5,50,1.3145262199609355,1,182.55940663836927,0,7876.471875079005
R7_5,51,1.1240640166775613,1,156.1083048722269,0,7876.471875079005
R7_5,52,0.9090909090909101,1,126.25316591167277,1,7876.471875079005
R7_5,53,1.237192697443085,1,171.81944438449094,0,7876.471875079005
R7_5,54,1.1919399378755244,1,165.5348098066822,0,7876.471875079005
R7_5,55,1.3858827366770754,1,192.46929139659525,0,7876.471875079005
R7_5,56,1.354737179774153,1,188.14384371721147,0,7876.471875079005
R7_5,57,1.0532193391192948,1,146.26950355953153,0,7876.471875079005
R7_5,58,1.360345066144724,1,188.9226584664049,0,7876.471875079005
R7_5,59,1.1229619334246692,1,155.95524922247373,0,7876.471875079005
R7_5,60,1.0040845715576765,1,139.44574160244431,0,7876.471875079005
R7_5,61,1.3145262199609355,1,182.55940663836927,0,7876.471875079005
R7_5,62,1.0736905607357947,1,149.11251575261045,0,7876.471875079005
R7_5,63,1.0334796009225755,1,143.52807867376825,0,7876.471875079005
R7_5,64,1.389953674289906,1,193.03465703462885,0,7876.471875079005
R7_6,1,0.9927979094985808,1,123.29452274299524,0,7532.001562367441
R7_6,2,1.167258874054646,1,144.9606454819992,0,7532.001562367441
R7_6,3,0.8823247617751271,1,109.57497932518258,0,7532.001562367441
R7_6,4,1.3078698753942728,1,162.4229770770969,0,7532.001562367441
R7_6,5,0.940151851397891,1,116.75646444762401,0,7532.001562367441
R7_6,6,1.0121183063644068,1,125.69390240323322,0,7532.001562367441
R7_6,7,0.9543974295046276,1,118.52560773153306,0,7532.001562367441
R7_6,8,0.8823247617751271,1,109.57497932518258,0,7532.001562367441
R7_6,9,0.9844090839720927,1,122.2527233699638,0,7532.001562367441
R7_6,10,1.0537745557197802,1,130.86714796952148,0,7532.001562367441
R7_6,11,1.0850184130913263,1,134.74728958386126,0,7532.001562367441
R7_6,12,1.1067763850553476,1,137.44938911841245,0,7532.001562367441
R7_6,13,1.0,0,0.0,0,7532.001562367441
R7_6,14,0.8522929942929345,1,105.84536587271712,1,7532.001562367441
R7_6,15,1.0121183063644068,1,125.69390240323322,0,7532.001562367441
R7_6,16,0.9101200839156984,1,113.02685099515858,0,7532.001562367441
R7_6,17,0.9443516091136175,1,117.27802791813781,0,7532.001562367441
R7_6,18,1.014242500207807,1,125.95770379083665,0,7532.001562367441
R7_6,19,1.0,0,0.0,0,7532.001562367441
R7_6,20,0.9648999635149469,1,119.82990632644882,0,7532.001562367441
R7_6,21,0.9454868829458256,1,117.41901637508909,0,7532.001562367441
R7_6,22,0.940611235736764,1,116.81351490298348,0,7532.001562367441
R7_6,23,0.9214434359046262,1,114.43308610702631,0,7532.001562367441
R7_6,24,1.1291871173510053,1,140.23255426841752,0,7532.001562367441
R7_6,25,1.0850184130913263,1,134.74728958386126,0,7532.001562367441
R7_6,26,0.9648999635149469,1,119.82990632644882,0,7532.001562367441
R7_6,27,1.1718774641361165,1,145.53422330120318,0,7532.001562367441
R7_6,28,1.0649219808927413,1,132.2515349161133,0,7532.001562367441
R7_6,29,0.9482095832204074,1,117.75714564360894,0,7532.001562367441
R7_6,30,1.1114247831325965,1,138.0266687610975,0,7532.001562367441
R7_6,31,0.9543974295046276,1,118.52560773153306,0,7532.001562367441
R7_6,32,0.9844090839720927,1,122.2527233699638,0,7532.001562367441
R7_6,33,1.078517336150238,1,133.9399277118241,0,7532.001562367441
R7_6,34,1.421824673089013,1,176.5749029238623,0,7532.001562367441
R7_6,35,0.9648999635149469,1,119.82990632644882,0,7532.001562367441
R7_6,36,1.4301933586249351,1,177.61420113275855,0,7532.001562367441
R7_6,37,1.0674890297986952,1,132.5703340057262,0,7532.001562367441
R7_6,38,1.0,0,0.0,0,7532.001562367441
R7_6,39,1.0489187100705255,1,130.26410563219352,0,7532.001562367441
R7_6,40,1.0907281803911815,1,135.45637954816712,0,7532.001562367441
R7_6,41,0.9927979094985808,1,123.29452274299524,0,7532.001562367441
R7_6,42,1.0537745557197802,1,130.86714796952148,0,7532.001562367441
R7_6,43,0.9101200839156984,1,113.02685099515858,0,7532.001562367441
R7_6,44,1.076163188901626,1,133.64756865394628,0,7532.001562367441
R7_6,45,0.940611235736764,1,116.81351490298348,0,7532.001562367441
R7_6,46,0.8522929942929345,1,105.84536587271712,1,7532.001562367441
R7_6,47,0.9296392634922377,1,115.45091727007622,0,7532.001562367441
R7_6,48,0.9223822366336023,1,114.54967477700856,0,7532.001562367441
R7_6,49,1.0765964331093159,1,133.7013727940512,0,7532.001562367441
R7_6,50,1.076163188901626,1,133.64756865394628,0,7532.001562367441
R7_6,51,1.0,0,0.0,0,7532.001562367441
R7_6,52,1.32243486688383,1,164.23178797131777,0,7532.001562367441
R7_6,53,0.8823247617751271,1,109.57497932518258,0,7532.001562367441
R7_6,54,1.146308440567319,1,142.35883329709725,0,7532.001562367441
R7_6,55,0.9028731161764547,1,112.1268577334936,0,7532.001562367441
R7_6,56,1.0121183063644068,1,125.69390240323322,0,7532.001562367441
R7_6,57,0.9482095832204074,1,117.75714564360894,0,7532.001562367441
R7_6,58,1.358069287230773,1,168.65718895964054,0,7532.001562367441
R7_6,59,1.0649219808927413,1,132.2515349161133,0,7532.001562367441
R7_6,60,0.9648999635149469,1,119.82990632644882,0,7532.001562367441
R7_6,61,1.0344609252370525,1,128.4686086192471,0,7532.001562367441
R7_6,62,0.9101200839156984,1,113.02685099515858,0,7532.001562367441
R7_6,63,1.0021786987363814,1,124.45951304057924,0,7532.001562367441
R7_6,64,1.028370355669196,1,127.71222722388248,0,7532.001562367441
R7_7,1,1.01009620251682,1,115.79657538503658,0,6651.424999972733
R7_7,2,1.078236960684535,1,123.60817433996878,0,6651.424999972733
R7_7,3,1.0332889379964065,1,118.4553709885202,0,6651.424999972733
R7_7,4,0.9976844961770972,1,114.37370785495027,0,6651.424999972733
R7_7,5,1.0705117396182686,1,122.72256152275699,0,6651.424999972733
R7_7,6,1.0626514172580919,1,121.82146080733679,0,6651.424999972733
R7_7,7,1.041431887804487,1,119.38887187582039,0,6651.424999972733
R7_7,8,1.0557617289355097,1,121.03163275805068,0,6651.424999972733
R7_7,9,1.04084160401327,1,119.32120224063328,0,6651.424999972733
R7_7,10,1.0826318070084522,1,124.11199581002788,0,6651.424999972733
R7_7,11,0.9194413879634329,1,105.40398402463796,0,6651.424999972733
R7_7,12,0.9251488916854651,1,106.05828742995897,0,6651.424999972733
R7_7,13,1.2280772237168112,1,140.785735517506,0,6651.424999972733
R7_7,14,1.398890664652125,1,160.36764409290657,0,6651.424999972733
R7_7,15,1.0009419637354302,1,114.74714118411545,0,6651.424999972733
R7_7,16,1.1554590504496254,1,132.4608494778346,0,6651.424999972733
R7_7,17,1.0365025943449186,1,118.82378183760073,0,6651.424999972733
R7_7,18,0.9881488232264726,1,113.28054636308185,0,6651.424999972733
R7_7,19,0.9881488232264726,1,113.28054636308185,0,6651.424999972733
R7_7,20,1.0881526073612733,1,124.7448956988189,0,6651.424999972733
R7_7,21,1.2247974378444422,1,140.40974363567318,0,6651.424999972733
R7_7,22,0.9490329456969437,1,108.79633520595249,0,6651.424999972733
R7_7,23,0.9194413879634329,1,105.40398402463796,0,6651.424999972733
R7_7,24,0.994982149668239,1,114.06391313396256,0,6651.424999972733
R7_7,25,1.0557617289355097,1,121.03163275805068,0,6651.424999972733
R7_7,26,1.0559914885764776,1,121.05797220920337,0,6651.424999972733
R7_7,27,1.0242814593601057,1,117.42276124665743,0,6651.424999972733
R7_7,28,0.9905914848629074,1,113.56057102966179,0,6651.424999972733
R7_7,29,1.0332889379964065,1,118.4553709885202,0,6651.424999972733
R7_7,30,0.9777041064267351,1,112.08317285225918,0,6651.424999972733
R7_7,31,0.991976992455065,1,113.71940444962927,0,6651.424999972733
R7_7,32,1.04084160401327,1,119.32120224063328,0,6651.424999972733
R7_7,33,1.1598479777905961,1,132.96399240068877,0,6651.424999972733
R7_7,34,1.2831467351302361,1,147.0988577863682,0,6651.424999972733
R7_7,35,1.4003730752677335,1,160.5375863936242,0,6651.424999972733
R7_7,36,0.9251488916854651,1,106.05828742995897,0,6651.424999972733
R7_7,37,1.0693029187927383,1,122.58398332446083,0,6651.424999972733
R7_7,38,1.262020239466306,1,144.67693416990997,0,6651.424999972733
R7_7,39,1.1269478267464486,1,129.19234687715343,0,6651.424999972733
R7_7,40,1.0764827254402363,1,123.40707029344004,0,6651.424999972733
R7_7,41,1.006652031589276,1,115.40173853934144,0,6651.424999972733
R7_7,42,1.137262304707507,1,130.37478991752818,0,6651.424999972733
R7_7,43,1.1139674922961191,1,127.70429230081167,0,6651.424999972733
R7_7,44,1.135187021749724,1,130.1368812323281,0,6651.424999972733
R7_7,45,0.9194413879634329,1,105.40398402463796,0,6651.424999972733
R7_7,46,1.0454472509744512,1,119.84918971767596,0,6651.424999972733
R7_7,47,0.9972655506066879,1,114.32568028865985,0,6651.424999972733
R7_7,48,1.0332889379964065,1,118.4553709885202,0,6651.424999972733
R7_7,49,1.0454472509744512,1,119.84918971767596,0,6651.424999972733
R7_7,50,0.9766139409385062,1,111.95819720159801,0,6651.424999972733
R7_7,51,1.1598479777905961,1,132.96399240068877,0,6651.424999972733
R7_7,52,0.9490329456969437,1,108.79633520595249,0,6651.424999972733
R7_7,53,0.9423883676030442,1,108.03460638622721,0,6651.424999972733
R7_7,54,1.0,0,0.0,0,6651.424999972733
R7_7,55,0.994982149668239,1,114.06391313396256,0,6651.424999972733
R7_7,56,0.9251488916854651,1,106.05828742995897,0,6651.424999972733
R7_7,57,1.052964146050897,1,120.7109202193967,0,6651.424999972733
R7_7,58,1.0650743504584508,1,122.09922382267078,0,6651.424999972733
R7_7,59,0.9766139409385062,1,111.95819720159801,0,6651.424999972733
R7_7,60,1.0215685501885758,1,117.11175563094378,0,6651.424999972733
R7_7,61,0.9062557314694111,1,103.8923915026516,1,6651.424999972733
R7_7,62,1.0881526073612733,1,124.7448956988189,0,6651.424999972733
R7_7,63,1.0740083923502475,1,123.12341483817873,0,6651.424999972733
R7_7,64,1.0740083923502475,1,123.12341483817873,0,6651.424999972733
R7_8,1,0.9292335543777419,1,159.66910448137497,0,6287.303124963728
R7_8,2,0.9268061135414527,1,159.25200018861048,0,6287.303124963728
R7_8,3,1.2204969116517574,1,209.7165432604484,0,6287.303124963728
R7_8,4,0.988060854055961,1,169.77732992634247,0,6287.303124963728
R7_8,5,1.0014666623178385,1,172.08083413143578,0,6287.303124963728
R7_8,6,1.3827242804029964,1,237.59188048740174,0,6287.303124963728
R7_8,7,1.0655139744518642,1,183.08600815329632,0,6287.303124963728
R7_8,8,1.0305585468752128,1,177.07965830547477,0,6287.303124963728
R7_8,9,1.052690999139541,1,180.88265144576076,0,6287.303124963728
R7_8,10,1.1422090814669694,1,196.26443783603165,0,6287.303124963728
R7_8,11,1.1554749932111452,1,198.54390378766715,0,6287.303124963728
R7_8,12,1.2393245947567983,1,212.95168181811064,0,6287.303124963728
R7_8,13,1.1605431307926946,1,199.4147558842385,0,6287.303124963728
R7_8,14,0.9090909090909083,1,156.20801752462128,1,6287.303124963728
R7_8,15,0.9268061135414527,1,159.25200018861048,0,6287.303124963728
R7_8,16,1.0,0,0.0,0,6287.303124963728
R7_8,17,1.006519150398331,1,172.94899719271865,0,6287.303124963728
R7_8,18,0.9469487588282863,1,162.71308714536417,0,6287.303124963728
R7_8,19,1.1066515637008454,1,190.1546315418543,0,6287.303124963728
R7_8,20,1.2385822631003158,1,212.8241278460651,0,6287.303124963728
R7_8,21,0.9268061135414527,1,159.25200018861048,0,6287.303124963728
R7_8,22,1.1659959632867238,1,200.35170965340336,0,6287.303124963728
R7_8,23,1.3298450869358565,1,228.50571110961837,0,6287.303124963728
R7_8,24,1.2129624260182617,1,208.42190149018452,0,6287.303124963728
R7_8,25,1.0,0,0.0,0,6287.303124963728
R7_8,26,1.0335858588317244,1,177.59983774454534,0,6287.303124963728
R7_8,27,1.0496613238179773,1,180.3620659124633,0,6287.303124963728
R7_8,28,1.0,0,0.0,0,6287.303124963728
R7_8,29,1.1470308547113177,1,197.09295743942974,0,6287.303124963728
R7_8,30,1.1081548949846685,1,190.41294718133628,0,6287.303124963728
R7_8,31,1.172094536506151,1,201.3996202889723,0,6287.303124963728
R7_8,32,1.1088926852059942,1,190.5397208039407,0,6287.303124963728
R7_8,33,1.213646644384216,1,208.5394699241342,0,6287.303124963728
R7_8,34,1.1228537898670794,1,192.93864093365872,0,6287.303124963728
R7_8,35,1.1273515479159268,1,193.711485388586,0,6287.303124963728
R7_8,36,1.0524845334514428,1,180.84717469035343,0,6287.303124963728
R7_8,37,1.1921981658405194,1,204.85400318068125,0,6287.303124963728
R7_8,38,0.988060854055961,1,169.77732992634247,0,6287.303124963728
R7_8,39,1.189063163253131,1,204.31531938765946,0,6287.303124963728
R7_8,40,1.0,0,0.0,0,6287.303124963728
R7_8,41,1.0305585468752128,1,177.07965830547477,0,6287.303124963728
R7_8,42,1.0719758006640472,1,184.1963361217094,0,6287.303124963728
R7_8,43,0.9292335543777419,1,159.66910448137497,0,6287.303124963728
R7_8,44,1.0524845334514428,1,180.84717469035343,0,6287.303124963728
R7_8,45,0.9268061135414527,1,159.25200018861048,0,6287.303124963728
R7_8,46,1.0,0,0.0,0,6287.303124963728
R7_8,47,1.0014666623178385,1,172.08083413143578,0,6287.303124963728
R7_8,48,1.189063163253131,1,204.31531938765946,0,6287.303124963728
R7_8,49,1.1656263343856992,1,200.28819675576938,0,6287.303124963728
R7_8,50,1.0044247396644739,1,172.58911706923845,0,6287.303124963728
R7_8,51,1.2597616523709263,1,216.46335729744396,0,6287.303124963728
R7_8,52,0.9469487588282863,1,162.71308714536417,0,6287.303124963728
R7_8,53,1.0306962152425712,1,177.10331369848967,0,6287.303124963728
R7_8,54,1.2232614178503454,1,210.191565096436,0,6287.303124963728
R7_8,55,0.9090909090909083,1,156.20801752462128,1,6287.303124963728
R7_8,56,1.066827524771151,1,183.31171395372039,0,6287.303124963728
R7_8,57,1.1198964283687367,1,192.4304809992229,0,6287.303124963728
R7_8,58,1.0014666623178385,1,172.08083413143578,0,6287.303124963728
R7_8,59,1.2393245947567983,1,212.95168181811064,0,6287.303124963728
R7_8,60,1.3121298824853103,1,225.4617284456292,0,6287.303124963728
R7_8,61,1.2147385640701778,1,208.72709319451866,0,6287.303124963728
R7_8,62,1.2986810095471455,1,223.15082448805677,0,6287.303124963728
R7_8,63,1.0,0,0.0,0,6287.303124963728
R7_8,64,1.006519150398331,1,172.94899719271865,0,6287.303124963728
R7_9,1,1.162030239889308,1,164.06445084595495,0,7629.598437461027
R7_9,2,1.132210113387444,1,159.8542138738507,0,7629.598437461027
R7_9,3,1.0531733413701367,1,148.6951887878153,0,7629.598437461027
R7_9,4,1.001805205523313,1,141.44263656551502,0,7629.598437461027
R7_9,5,1.0681366195560393,1,150.8078205715279,0,7629.598437461027
R7_9,6,0.9777301794008846,1,138.0435374678404,0,7629.598437461027
R7_9,7,1.1320315419013944,1,159.8290017650863,0,7629.598437461027
R7_9,8,1.0525927773993757,1,148.6132202591365,0,7629.598437461027
R7_9,9,1.1585155738560289,1,163.56822300879315,0,7629.598437461027
R7_9,10,1.1519868220131748,1,162.6464431367743,0,7629.598437461027
R7_9,11,0.9068920407448609,1,128.04205909094628,1,7629.598437461027
R7_9,12,1.043811029711053,1,147.37334494221756,0,7629.598437461027
R7_9,13,1.2401180472255433,1,175.08949373090138,0,7629.598437461027
R7_9,14,1.132210113387444,1,159.8542138738507,0,7629.598437461027
R7_9,15,1.000018773157107,1,141.1904141748453,0,7629.598437461027
R7_9,16,0.9229850603618246,1,130.31419654079593,0,7629.598437461027
R7_9,17,0.9688357847744413,1,136.78775778164757,0,7629.598437461027
R7_9,18,1.2130206764882931,1,171.26367655612674,0,7629.598437461027
R7_9,19,0.9725141682994263,1,137.30710052533152,0,7629.598437461027
R7_9,20,1.0355990145527851,1,146.21390888708663,0,7629.598437461027
R7_9,21,1.2101566834243744,1,170.85931578036653,0,7629.598437461027
R7_9,22,1.0928083586102506,1,154.29116823357282,0,7629.598437461027
R7_9,23,0.9855060833585156,1,139.1413999578572,0,7629.598437461027
R7_9,24,1.0218839354868923,1,144.27750754569934,0,7629.598437461027
R7_9,25,1.0644282779840104,1,150.2842481181793,0,7629.598437461027
R7_9,26,1.054668023627027,1,148.90621963301018,0,7629.598437461027
R7_9,27,0.9725141682994263,1,137.30710052533152,0,7629.598437461027
R7_9,28,0.9688357847744413,1,136.78775778164757,0,7629.598437461027
R7_9,29,0.991891156099447,1,140.04289409879462,0,7629.598437461027
R7_9,30,0.9848137025889656,1,139.04364426542068,0,7629.598437461027
R7_9,31,0.9562150461346306,1,135.00586391767374,0,7629.598437461027
R7_9,32,1.2525587007566514,1,176.84596178111389,0,7629.598437461027
R7_9,33,1.151349824111815,1,162.5565068276411,0,7629.598437461027
R7_9,34,0.9688357847744413,1,136.78775778164757,0,7629.598437461027
R7_9,35,0.9848137025889656,1,139.04364426542068,0,7629.598437461027
R7_9,36,1.0649366257885315,1,150.35602060784834,0,7629.598437461027
R7_9,37,0.9555226653650806,1,134.9081082252372,0,7629.598437461027
R7_9,38,0.943007094191282,1,133.1410627205968,0,7629.598437461027
R7_9,39,1.3737961913662815,1,193.96321194897965,0,7629.598437461027
R7_9,40,1.0937937906585127,1,154.4302991806809,0,7629.598437461027
R7_9,41,1.0934865407459995,1,154.3869192526565,0,7629.598437461027
R7_9,42,1.1887631549863027,1,167.83881134393806,0,7629.598437461027
R7_9,43,0.958661170326641,1,135.35122672191682,0,7629.598437461027
R7_9,44,1.0688290003255894,1,150.90557626396446,0,7629.598437461027
R7_9,45,0.9725141682994263,1,137.30710052533152,0,7629.598437461027
R7_9,46,0.982825804614496,1,138.76297739607108,0,7629.598437461027
R7_9,47,1.2281183956352297,1,173.39528975846864,0,7629.598437461027
R7_9,48,1.101272983451004,1,155.48626968484618,0,7629.598437461027
R7_9,49,0.982825804614496,1,138.76297739607108,0,7629.598437461027
R7_9,50,1.0798794550129305,1,152.46576524841768,0,7629.598437461027
R7_9,51,1.2281183956352297,1,173.39528975846864,0,7629.598437461027
R7_9,52,1.000018773157107,1,141.1904141748453,0,7629.598437461027
R7_9,53,1.2525587007566514,1,176.84596178111389,0,7629.598437461027
R7_9,54,1.0,0,0.0,0,7629.598437461027
R7_9,55,1.0197302260559589,1,143.97343012762659,0,7629.598437461027
R7_9,56,0.9229850603618246,1,130.31419654079593,0,7629.598437461027
R7_9,57,0.9562150461346306,1,135.00586391767374,0,7629.598437461027
R7_9,58,1.0525927773993757,1,148.6132202591365,0,7629.598437461027
R7_9,59,0.958661170326641,1,135.35122672191682,0,7629.598437461027
R7_9,60,0.970823682748911,1,137.06842465099717,0,7629.598437461027
R7_9,61,1.0487501207596122,1,148.07068416175196,0,7629.598437461027
R7_9,62,1.1075880437392271,1,156.37787892415915,0,7629.598437461027
R7_9,63,0.9282855691829344,1,131.06256352737475,0,7629.598437461027
R7_9,64,0.9848137025889656,1,139.04364426542068,0,7629.598437461027
R8_0,1,0.8679049643831114,1,106.50103759752362,0,11901.279687435817
R8_0,2,1.3108245947401524,1,160.8519194810775,0,11901.279687435817
R8_0,3,1.0908499060750927,1,133.85871913145985,0,11901.279687435817
R8_0,4,0.9075574788176848,1,111.36681680600486,0,11901.279687435817
R8_0,5,0.9446315362474049,1,115.91619230937212,0,11901.279687435817
R8_0,6,0.8446532942149538,1,103.64781391473922,0,11901.279687435817
R8_0,7,1.137820568818391,1,139.62251185542493,0,11901.279687435817
R8_0,8,0.9164737557963889,1,112.46093746288335,0,11901.279687435817
R8_0,9,0.8207655787131429,1,100.71654080169097,0,11901.279687435817
R8_0,10,1.3204898224630046,1,162.0379442457032,0,11901.279687435817
R8_0,11,1.0562729471953105,1,129.61576379788696,0,11901.279687435817
R8_0,12,0.9075574788176848,1,111.36681680600486,0,11901.279687435817
R8_0,13,0.9588355417748655,1,117.6591726917813,0,11901.279687435817
R8_0,14,0.9428142965636646,1,115.6931979495927,0,11901.279687435817
R8_0,15,0.8147488401718448,1,99.97822390767843,0,11901.279687435817
R8_0,16,2.0991578297183295,0,134.8781884565539,0,11901.279687435817
R8_0,17,1.1881440115194035,1,145.79772582824387,0,11901.279687435817
R8_0,18,1.1041436116114678,1,135.4899961620575,0,11901.279687435817
R8_0,19,0.9668141918156952,1,118.6382366940018,0,11901.279687435817
R8_0,20,0.9061345862712109,1,111.19221297400898,0,11901.279687435817
R8_0,21,0.9428142965636646,1,115.6931979495927,0,11901.279687435817
R8_0,22,0.9592068035311332,1,117.70473040130653,0,11901.279687435817
R8_0,23,0.8267696730439837,1,101.45330611852758,0,11901.279687435817
R8_0,24,0.8267696730439837,1,101.45330611852758,0,11901.279687435817
R8_0,25,1.0373135884108429,1,127.28925171926942,0,11901.279687435817
R8_0,26,0.8566729374080211,1,105.1227501394944,0,11901.279687435817
R8_0,27,0.9202063705203827,1,112.91896841946341,0,11901.279687435817
R8_0,28,0.8698550629001609,1,106.74033512894276,0,11901.279687435817
R8_0,29,1.0571587322063927,1,129.72445890465556,0,11901.279687435817
R8_0,30,0.9453048351620303,1,115.9988131445596,0,11901.279687435817
R8_0,31,0.8967180044375844,1,110.03669966660904,0,11901.279687435817
R8_0,32,0.8986901548126056,1,110.27870319217637,0,11901.279687435817
R8_0,33,0.9690845077942409,1,118.91682826486712,0,11901.279687435817
R8_0,34,0.922213198855335,1,113.16522729425226,0,11901.279687435817
R8_0,35,1.1312877637209908,1,138.8208681849224,0,11901.279687435817
R8_0,36,0.8326658438855574,1,102.17682809184208,0,11901.279687435817
R8_0,37,1.0967590436532575,1,134.58383225928753,0,11901.279687435817
R8_0,38,0.950785198429859,1,116.6713111695592,0,11901.279687435817
R8_0,39,0.8847777750005363,1,108.57150834223165,0,11901.279687435817
R8_0,40,0.8872754082298222,1,108.87799412278729,0,11901.279687435817
R8_0,41,0.9155879707853085,1,112.35224235611473,0,11901.279687435817
R8_0,42,0.8404363570811864,1,103.13035152120487,0,11901.279687435817
R8_0,43,1.1410250343221122,1,140.01573336595587,0,11901.279687435817
R8_0,44,0.912477040290316,1,111.9704985717062,0,11901.279687435817
R8_0,45,0.9480759268859558,1,116.3388551491425,0,11901.279687435817
R8_0,46,0.9070203712822931,1,111.3009080807776,0,11901.279687435817
R8_0,47,1.097632717556566,1,134.69104120616862,0,11901.279687435817
R8_0,48,1.0470850789275268,1,128.48831604267824,0,11901.279687435817
R8_0,49,0.9452854023854709,1,115.99642853915704,0,11901.279687435817
R8_0,50,0.9245431878861101,1,113.45114137419392,0,11901.279687435817
R8_0,51,0.9124363251434886,1,111.96550239636329,0,11901.279687435817
R8_0,52,0.9064603017490143,1,111.23218167769367,0,11901.279687435817
R8_0,53,0.9417583837378789,1,115.56362637646725,0,11901.279687435817
R8_0,54,0.8193121903915959,1,100.53819481839882,0,11901.279687435817
R8_0,55,1.321375607474085,1,162.1466393524718,0,11901.279687435817
R8_0,56,0.9234069462550156,1,113.31171261454953,0,11901.279687435817
R8_0,57,0.9061345862712109,1,111.19221297400898,0,11901.279687435817
R8_0,58,1.0926444238336313,1,134.0789252728171,0,11901.279687435817
R8_0,59,0.9168450175526601,1,112.50649517240859,0,11901.279687435817
R8_0,60,0.923657402875028,1,113.34244626742532,0,11901.279687435817
R8_0,61,0.8192819778189566,1,100.53448741900985,0,11901.279687435817
R8_0,62,0.9731564714056216,1,119.41650088741027,0,11901.279687435817
R8_0,63,0.8777971040976098,1,107.71490684230048,0,11901.279687435817
R8_0,64,0.901566830838938,1,110.6317014975313,0,11901.279687435817
R8_1,1,1.094159161289996,1,139.6189561799434,0,12225.754687506196
R8_1,2,1.1320881385874397,1,144.4588409120679,0,12225.754687506196
R8_1,3,1.1009374333617004,1,140.48389000752206,0,12225.754687506196
R8_1,4,1.1348827155747454,1,144.81543978336197,0,12225.754687506196
R8_1,5,1.1925285173616658,1,152.17126785517274,0,12225.754687506196
R8_1,6,1.017050589230406,1,129.77960307267384,0,12225.754687506196
R8_1,7,1.4938674287558822,1,190.62328265680185,0,12225.754687506196
R8_1,8,0.9002776520097697,1,114.8789230056263,1,12225.754687506196
R8_1,9,0.9582235929913345,1,122.27305000372469,0,12225.754687506196
R8_1,10,1.0269257800434453,1,131.03971575296123,0,12225.754687506196
R8_1,11,1.0298972758404936,1,131.4188901511248,0,12225.754687506196
R8_1,12,0.992220629892774,1,126.61120387869961,0,12225.754687506196
R8_1,13,0.944047037145868,1,120.46406644868351,0,12225.754687506196
R8_1,14,1.2633288070128526,1,161.20565964025988,0,12225.754687506196
R8_1,15,1.2423527299691006,1,158.5290307866059,0,12225.754687506196
R8_1,16,0.9301547342090846,1,118.6913546681759,0,12225.754687506196
R8_1,17,1.0,0,0.0,0,12225.754687506196
R8_1,18,1.056653409519754,1,134.83307666792453,0,12225.754687506196
R8_1,19,1.2988759952018754,1,165.7416188367555,0,12225.754687506196
R8_1,20,1.053932705093798,1,134.48590422221005,0,12225.754687506196
R8_1,21,1.1911195791634324,1,151.99148187200066,0,12225.754687506196
R8_1,22,1.067340590383992,1,136.19680243064826,0,12225.754687506196
R8_1,23,1.2600352493017475,1,160.78538889171492,0,12225.754687506196
R8_1,24,0.9989582599092799,1,127.47095162227524,0,12225.754687506196
R8_1,25,1.2165821276899056,1,155.24060190199344,0,12225.754687506196
R8_1,26,1.4364639782723785,1,183.29837955204238,0,12225.754687506196
R8_1,27,1.2988759952018754,1,165.7416188367555,0,12225.754687506196
R8_1,28,1.6151435765302242,1,206.09858987062188,0,12225.754687506196
R8_1,29,0.9090909090909101,1,116.00352881961373,0,12225.754687506196
R8_1,30,1.1196967528884016,1,142.87765199720926,0,12225.754687506196
R8_1,31,1.2546860305093954,0,32.49892610816465,0,12225.754687506196
R8_1,32,1.2857624505836558,1,164.06827964060412,0,12225.754687506196
R8_1,33,0.9692694429009663,1,123.68254332888654,0,12225.754687506196
R8_1,34,1.056653409519754,1,134.83307666792453,0,12225.754687506196
R8_1,35,1.4077514526142867,1,179.63454982461394,0,12225.754687506196
R8_1,36,1.1035206273357723,1,140.81351558580167,0,12225.754687506196
R8_1,37,1.094159161289996,1,139.6189561799434,0,12225.754687506196
R8_1,38,1.2533938843238897,1,159.93792494074322,0,12225.754687506196
R8_1,39,1.5844578435485541,1,202.18297122930224,0,12225.754687506196
R8_1,40,1.0954079315645906,1,139.778304114335,0,12225.754687506196
R8_1,41,0.935566967849196,1,119.38197668933003,0,12225.754687506196
R8_1,42,0.9692694429009663,1,123.68254332888654,0,12225.754687506196
R8_1,43,0.9951921256898224,1,126.99037827686318,0,12225.754687506196
R8_1,44,1.1039089291587487,1,140.86306440568563,0,12225.754687506196
R8_1,45,0.992220629892774,1,126.61120387869961,0,12225.754687506196
R8_1,46,1.3454681527653172,1,171.68695899870198,0,12225.754687506196
R8_1,47,1.1903425018296154,1,151.89232378782296,0,12225.754687506196
R8_1,48,1.2641708450512024,1,161.31310696249386,0,12225.754687506196
R8_1,49,1.0929734298955562,1,139.4676522513573,0,12225.754687506196
R8_1,50,1.0719096047773817,1,136.77982640279512,0,12225.754687506196
R8_1,51,1.1700820019551497,1,149.30700535862684,0,12225.754687506196
R8_1,52,1.3023491673395853,1,166.1848090833453,0,12225.754687506196
R8_1,53,1.1196967528884016,1,142.87765199720926,0,12225.754687506196
R8_1,54,1.3322494749700642,1,170.0002044010656,0,12225.754687506196
R8_1,55,1.2574130652012823,1,160.4507880219594,0,12225.754687506196
R8_1,56,1.3380618420715606,1,170.74188500509126,0,12225.754687506196
R8_1,57,1.053932705093798,1,134.48590422221005,0,12225.754687506196
R8_1,58,1.0312760799516578,1,131.5948309078154,0,12225.754687506196
R8_1,59,1.2888170510498504,1,164.4580585171379,0,12225.754687506196
R8_1,60,1.295186740431797,1,165.2708556075077,0,12225.754687506196
R8_1,61,0.9984500491875359,1,127.40610196145803,0,12225.754687506196
R8_1,62,1.0,0,0.0,0,12225.754687506196
R8_1,63,1.324600077297637,1,169.02411156538477,0,12225.754687506196
R8_1,64,1.227817833201092,1,156.67432153887648,0,12225.754687506196
R8_2,1,0.9571746735424167,1,149.73467319705327,0,11374.781249969601
R8_2,2,0.9529554665666122,1,149.07464572752693,0,11374.781249969601
R8_2,3,1.0448516151758263,1,163.4503288294879,0,11374.781249969601
R8_2,4,1.1178754416097458,1,174.87373888087873,0,11374.781249969601
R8_2,5,0.9606366293787687,1,150.276240833669,0,11374.781249969601
R8_2,6,1.1367453155665803,1,177.82562894681533,0,11374.781249969601
R8_2,7,0.9260135315662783,1,144.8600107773134,0,11374.781249969601
R8_2,8,1.2490023860436157,1,195.38645271969037,0,11374.781249969601
R8_2,9,1.0446505521670524,1,163.41887573660608,0,11374.781249969601
R8_2,10,1.121504059487993,1,175.44137812915224,0,11374.781249969601
R8_2,11,1.276209477181828,1,199.64256710803448,0,11374.781249969601
R8_2,12,1.105063992433866,1,172.86959250242157,0,11374.781249969601
R8_2,13,1.073340958991949,1,167.90703114706807,0,11374.781249969601
R8_2,14,1.1860623644688566,1,185.5404927063173,0,11374.781249969601
R8_2,15,1.3062796825492757,1,204.346569938573,0,11374.781249969601
R8_2,16,1.0551221273409332,1,165.05698624021625,0,11374.781249969601
R8_2,17,0.9133101160667145,1,142.87276454014113,0,11374.781249969601
R8_2,18,0.9781879010808865,1,153.02185666027992,0,11374.781249969601
R8_2,19,1.0,0,0.0,0,11374.781249969601
R8_2,20,1.2936889097591102,1,202.37694485221698,0,11374.781249969601
R8_2,21,1.2353088386962217,1,193.24431618636362,0,11374.781249969601
R8_2,22,1.0448516151758263,1,163.4503288294879,0,11374.781249969601
R8_2,23,0.9868265146326376,1,154.37322962573867,0,11374.781249969601
R8_2,24,0.9167720719030665,1,143.41433217675686,0,11374.781249969601
R8_2,25,1.2156586389565618,1,190.1703566285059,0,11374.781249969601
R8_2,26,0.9846684571285511,1,154.0356360348855,0,11374.781249969601
R8_2,27,1.2214871144864432,1,191.0821284323652,0,11374.781249969601
R8_2,28,1.2717098166696026,1,198.9386671669693,0,11374.781249969601
R8_2,29,1.0326378018662048,1,161.53967302657352,0,11374.781249969601
R8_2,30,1.0427740534134653,1,163.1253275103633,0,11374.781249969601
R8_2,31,1.0975593111388235,1,171.69560510782983,0,11374.781249969601
R8_2,32,1.1464808344362485,1,179.34859521059965,0,11374.781249969601
R8_2,33,1.2377676135152296,1,193.62895219290004,0,11374.781249969601
R8_2,34,0.9571746735424167,1,149.73467319705327,0,11374.781249969601
R8_2,35,0.8821489740905761,1,137.99810212040126,1,11374.781249969601
R8_2,36,1.0488744686943914,1,164.0796399401678,0,11374.781249969601
R8_2,37,1.0806152534557327,1,169.04497820561565,0,11374.781249969601
R8_2,38,1.138226517636788,1,178.05733932743007,0,11374.781249969601
R8_2,39,1.0024726922742992,1,156.82082394756364,0,11374.781249969601
R8_2,40,1.1746078241989242,1,183.74861303027723,0,11374.781249969601
R8_2,41,0.9529554665666122,1,149.07464572752693,0,11374.781249969601
R8_2,42,1.1144769417797509,1,174.34209792184518,0,11374.781249969601
R8_2,43,0.9930636332778011,1,155.34892711109765,0,11374.781249969601
R8_2,44,1.2178451448284484,1,190.51240051163424,0,11374.781249969601
R8_2,45,1.0,0,0.0,0,11374.781249969601
R8_2,46,1.102241090048869,1,172.42799456030247,0,11374.781249969601
R8_2,47,1.2657556684830613,1,198.0072358853839,0,11374.781249969601
R8_2,48,1.0381212668205482,1,162.39747344234056,0,11374.781249969601
R8_2,49,0.9797554129547059,1,153.26706882964334,0,11374.781249969601
R8_2,50,1.1898840200439658,1,186.13832961574246,0,11374.781249969601
R8_2,51,1.0409768850286643,1,162.84418925188584,0,11374.781249969601
R8_2,52,1.2110088021723016,1,189.44296401088292,0,11374.781249969601
R8_2,53,1.0201438647749832,1,159.58519633699024,0,11374.781249969601
R8_2,54,1.1745732352197926,1,183.7432021375432,0,11374.781249969601
R8_2,55,1.0218308551314763,1,159.8490990045995,0,11374.781249969601
R8_2,56,0.9400919511224579,1,147.06235441389737,0,11374.781249969601
R8_2,57,0.9725943150978171,1,152.14682957031852,0,11374.781249969601
R8_2,58,1.0378142095109073,1,162.3494392358547,0,11374.781249969601
R8_2,59,1.0582835276908895,1,165.5515367766338,0,11374.781249969601
R8_2,60,1.2716254108641447,1,198.92546322828886,0,11374.781249969601
R8_2,61,1.0448516151758263,1,163.4503288294879,0,11374.781249969601
R8_2,62,1.177992112209198,1,184.2780307773513,0,11374.781249969601
R8_2,63,1.0285330146042533,1,160.89754469179763,0,11374.781249969601
R8_2,64,1.0446505521670524,1,163.41887573660608,0,11374.781249969601
R8_3,1,1.0683892806283701,1,145.79499031098675,0,12241.496875049052
R8_3,2,1.258621526576837,1,171.75454359158647,0,12241.496875049052
R8_3,3,0.9417019643809255,1,128.50693212871275,0,12241.496875049052
R8_3,4,1.1073701696108635,1,151.11441688570264,0,12241.496875049052
R8_3,5,0.9417296629250274,1,128.51071193916385,0,12241.496875049052
R8_3,6,1.3868626432907174,1,189.25463715090586,0,12241.496875049052
R8_3,7,1.0747652966993435,1,146.66507691532206,0,12241.496875049052
R8_3,8,1.3100106710745365,1,178.76723078339867,0,12241.496875049052
R8_3,9,1.190574536185789,1,162.4686863814507,0,12241.496875049052
R8_3,10,1.2494786990887423,1,170.50689119633068,0,12241.496875049052
R8_3,11,1.16865934662078,1,159.4780865053319,0,12241.496875049052
R8_3,12,0.971680769504033,1,132.59791252481628,0,12241.496875049052
R8_3,13,1.1544506741009535,1,157.53913662075246,0,12241.496875049052
R8_3,14,1.084055131758447,1,147.93279031996835,0,12241.496875049052
R8_3,15,1.1769048178416348,1,160.60328348975582,0,12241.496875049052
R8_3,16,1.0202046553790858,1,139.21959958147067,0,12241.496875049052
R8_3,17,1.0110390642082816,1,137.96884079890802,0,12241.496875049052
R8_3,18,1.1926801093138693,1,162.75601799304007,0,12241.496875049052
R8_3,19,1.3239309773320453,1,180.6668295090108,0,12241.496875049052
R8_3,20,1.0928876388066122,1,149.13809563597755,0,12241.496875049052
R8_3,21,1.5522453106369358,1,211.82315671632628,0,12241.496875049052
R8_3,22,0.9374535317721744,1,127.92718071950208,0,12241.496875049052
R8_3,23,1.1315471161635777,1,154.41366160138264,0,12241.496875049052
R8_3,24,1.1108261212877863,1,151.58602442650056,0,12241.496875049052
R8_3,25,1.163438827592124,1,158.76568182755992,0,12241.496875049052
R8_3,26,1.2131312483187884,1,165.54682998182847,0,12241.496875049052
R8_3,27,1.0421430649073908,1,142.21336811005077,0,12241.496875049052
R8_3,28,1.1942870506721555,1,162.9753051049658,0,12241.496875049052
R8_3,29,1.1237761756488034,1,153.35322022706185,0,12241.496875049052
R8_3,30,1.09775932638194,1,149.80289792828933,0,12241.496875049052
R8_3,31,1.1350762049108578,1,154.89524960403818,0,12241.496875049052
R8_3,32,0.9734663921710656,1,132.84158292114077,0,12241.496875049052
R8_3,33,1.1097855366653562,1,151.4440237272277,0,12241.496875049052
R8_3,34,0.9623988354663275,1,131.3312773126975,0,12241.496875049052
R8_3,35,1.0683892806283701,1,145.79499031098675,0,12241.496875049052
R8_3,36,1.1942870506721555,1,162.9753051049658,0,12241.496875049052
R8_3,37,0.9270259188846506,1,126.50420339516093,0,12241.496875049052
R8_3,38,1.1843730210340855,1,161.62241259543495,0,12241.496875049052
R8_3,39,1.2132465809996376,1,165.56256855894827,0,12241.496875049052
R8_3,40,1.5588121742016874,1,212.71928683215202,0,12241.496875049052
R8_3,41,1.0931735256082238,1,149.17710844172782,0,12241.496875049052
R8_3,42,1.175626002477479,1,160.42877324615156,0,12241.496875049052
R8_3,43,1.0994689685957564,1,150.03619984784052,0,12241.496875049052
R8_3,44,0.9734663921710656,1,132.84158292114077,0,12241.496875049052
R8_3,45,1.0472793696888125,1,142.91428070756513,0,12241.496875049052
R8_3,46,1.2956156154459073,1,176.80284660812148,0,12241.496875049052
R8_3,47,1.3096813070258317,1,178.7222849671497,0,12241.496875049052
R8_3,48,0.9391145234357001,1,128.15384366706363,0,12241.496875049052
R8_3,49,1.0650679028868648,1,145.34174705553477,0,12241.496875049052
R8_3,50,1.2132465809996376,1,165.56256855894827,0,12241.496875049052
R8_3,51,1.1046670377700103,1,150.7455409640772,0,12241.496875049052
R8_3,52,0.9945185159175711,1,135.71440674415973,0,12241.496875049052
R8_3,53,1.0110390642082816,1,137.96884079890802,0,12241.496875049052
R8_3,54,1.2860949690032868,1,175.5036361227449,0,12241.496875049052
R8_3,55,1.3097756610519475,1,178.73516074620545,0,12241.496875049052
R8_3,56,1.2206555984045497,1,166.57362102863212,0,12241.496875049052
R8_3,57,0.9391145234357001,1,128.15384366706363,0,12241.496875049052
R8_3,58,1.0866732985254632,1,148.2900717017179,0,12241.496875049052
R8_3,59,0.9734663921710656,1,132.84158292114077,0,12241.496875049052
R8_3,60,1.2552753419431308,1,171.29791512750916,0,12241.496875049052
R8_3,61,1.2209021888335663,1,166.60727135614923,0,12241.496875049052
R8_3,62,0.961377787620016,1,131.1919426492381,0,12241.496875049052
R8_3,63,1.0650956014309667,1,145.3455268659859,0,12241.496875049052
R8_3,64,1.0857647739722651,1,148.16609223951951,0,12241.496875049052
R8_4,1,1.0215176172499358,1,133.53714790514866,0,10922.573437483152
R8_4,2,1.0431987889084624,1,136.3714033087077,0,10922.573437483152
R8_4,3,1.1397820009331028,1,148.9971734877969,0,10922.573437483152
R8_4,4,1.1393803260879931,1,148.94466483567467,0,10922.573437483152
R8_4,5,0.913797750910776,1,119.45554668677624,0,10922.573437483152
R8_4,6,1.212686464181397,1,158.5275564467733,0,10922.573437483152
R8_4,7,1.377412325824217,1,180.06122495972508,0,10922.573437483152
R8_4,8,1.0746689634604802,1,140.485318999234,0,10922.573437483152
R8_4,9,1.244841269925626,1,162.73097005219708,0,10922.573437483152
R8_4,10,0.957468182489011,1,125.16433210786778,0,10922.573437483152
R8_4,11,1.0238000639873128,1,133.83551909562803,0,10922.573437483152
R8_4,12,1.141542831102491,1,149.22735673162455,0,10922.573437483152
R8_4,13,1.4789461342872574,1,193.33415825930297,0,10922.573437483152
R8_4,14,1.252694149086972,1,163.7575319717782,0,10922.573437483152
R8_4,15,0.9171946352878688,1,119.89960192754828,0,10922.573437483152
R8_4,16,0.9000801709470299,1,117.6623260182471,0,10922.573437483152
R8_4,17,0.9779377911537885,1,127.84020681983566,0,10922.573437483152
R8_4,18,1.3991991101527734,1,182.90928650279716,0,10922.573437483152
R8_4,19,1.2288582144117743,1,160.64159673930664,0,10922.573437483152
R8_4,20,1.2759849631328475,1,166.80220670626622,0,10922.573437483152
R8_4,21,1.0,0,0.0,0,10922.573437483152
R8_4,22,0.9157898018805231,1,119.71595610164074,0,10922.573437483152
R8_4,23,1.16563701907776,1,152.37705193900584,0,10922.573437483152
R8_4,24,1.0826710114644165,1,141.53138090732187,0,10922.573437483152
R8_4,25,0.8791595610576959,1,114.92749449906218,0,10922.573437483152
R8_4,26,1.043874060230241,1,136.45967766134714,0,10922.573437483152
R8_4,27,0.9126812317811304,1,119.30959053522635,0,10922.573437483152
R8_4,28,1.089182676220723,1,142.38261354882314,0,10922.573437483152
R8_4,29,1.3388799520264119,1,175.02410840678067,0,10922.573437483152
R8_4,30,0.9662432093823181,1,126.31144111933811,0,10922.573437483152
R8_4,31,0.9000801709470299,1,117.6623260182471,0,10922.573437483152
R8_4,32,1.2677775540843186,1,165.72929912491477,0,10922.573437483152
R8_4,33,1.0448512149053961,1,136.587415495897,0,10922.573437483152
R8_4,34,1.2631237740781494,1,165.1209371167543,0,10922.573437483152
R8_4,35,1.1344149283138059,1,148.29556682132545,0,10922.573437483152
R8_4,36,1.0299131644689012,1,134.6346497120599,0,10922.573437483152
R8_4,37,1.1312317664417435,1,147.8794502996547,0,10922.573437483152
R8_4,38,1.0428220893965285,1,136.32215953885841,0,10922.573437483152
R8_4,39,0.9695412230360159,1,126.74257155666983,0,10922.573437483152
R8_4,40,1.1083564655187086,1,144.88909321608523,0,10922.573437483152
R8_4,41,1.257889090970549,1,164.43663697295605,0,10922.573437483152
R8_4,42,0.9587894430255339,1,125.33705293099172,0,10922.573437483152
R8_4,43,1.122327366382434,1,146.71542907510857,0,10922.573437483152
R8_4,44,0.913797750910776,1,119.45554668677624,0,10922.573437483152
R8_4,45,0.9406237384104355,1,122.96235440105528,0,10922.573437483152
R8_4,46,0.9812503387972402,1,128.2732372024123,0,10922.573437483152
R8_4,47,1.1089467711904888,1,144.96626049589582,0,10922.573437483152
R8_4,48,1.1258472073163386,1,147.1755577223844,0,10922.573437483152
R8_4,49,1.0812612743668844,1,141.3470940500798,0,10922.573437483152
R8_4,50,1.2397005770294047,1,162.05895671045386,0,10922.573437483152
R8_4,51,1.1846361331309492,1,154.86069731187567,0,10922.573437483152
R8_4,52,1.246180447117677,1,162.90603301709,0,10922.573437483152
R8_4,53,1.1083564655187086,1,144.88909321608523,0,10922.573437483152
R8_4,54,1.095579936392042,1,143.21889073412035,0,10922.573437483152
R8_4,55,0.913797750910776,1,119.45554668677624,0,10922.573437483152
R8_4,56,0.9857810250554948,1,128.86550786986209,0,10922.573437483152
R8_4,57,1.377412325824217,1,180.06122495972508,0,10922.573437483152
R8_4,58,1.0634071474051812,1,139.0131262823766,0,10922.573437483152
R8_4,59,1.0597427956795666,1,138.53410656690914,0,10922.573437483152
R8_4,60,1.3117796367810506,1,171.48143939737224,0,10922.573437483152
R8_4,61,1.0025485421953881,1,131.0574293585389,0,10922.573437483152
R8_4,62,0.9779377911537885,1,127.84020681983566,0,10922.573437483152
R8_4,63,0.9426213432328172,1,123.22348983926777,0,10922.573437483152
R8_4,64,1.2975991169211412,1,169.62770124745902,0,10922.573437483152
R8_5,1,0.9159598694375823,1,162.50815975676994,0,11038.998437470582
R8_5,2,1.0421593435857197,1,184.8982720208351,0,11038.998437470582
R8_5,3,1.3563196933999109,1,240.63610729105844,0,11038.998437470582
R8_5,4,0.8608974596820094,1,152.73907359948464,0,11038.998437470582
R8_5,5,0.9995791348206549,1,177.34375833595212,0,11038.998437470582
R8_5,6,1.3238440270311287,1,234.87432562948197,0,11038.998437470582
R8_5,7,1.2286962915376414,1,217.99336401097207,0,11038.998437470582
R8_5,8,1.1021203810363964,1,195.53646500105748,0,11038.998437470582
R8_5,9,1.0220087337993036,1,181.32318251786592,0,11038.998437470582
R8_5,10,1.089993761088909,1,193.38497915818283,0,11038.998437470582
R8_5,11,1.1018128861782426,1,195.4819097468367,0,11038.998437470582
R8_5,12,1.078085486358658,1,191.2722317804192,0,11038.998437470582
R8_5,13,0.9913475119740944,1,175.88331675413102,0,11038.998437470582
R8_5,14,0.9924108892722501,1,176.07197948228796,0,11038.998437470582
R8_5,15,1.0880932757906727,1,193.04779804494183,0,11038.998437470582
R8_5,16,0.9109372497208597,1,161.61705446432546,0,11038.998437470582
R8_5,17,0.9924821222775169,1,176.0846175300734,0,11038.998437470582
R8_5,18,0.9909811832698558,1,175.81832329144945,0,11038.998437470582
R8_5,19,1.0040207439611173,1,178.13178164555248,0,11038.998437470582
R8_5,20,1.048896854572721,1,186.09363062591362,0,11038.998437470582
R8_5,21,1.573232759221483,1,279.12048234944075,0,11038.998437470582
R8_5,22,0.8776138671538405,1,155.7048723278283,0,11038.998437470582
R8_5,23,0.9848326079640479,1,174.72745272887084,0,11038.998437470582
R8_5,24,1.0040207439611173,1,178.13178164555248,0,11038.998437470582
R8_5,25,0.8466493132628123,1,150.21118986594263,0,11038.998437470582
R8_5,26,1.1308294448019556,1,200.6299819514729,0,11038.998437470582
R8_5,27,1.0805277906194526,1,191.70554156202718,0,11038.998437470582
R8_5,28,1.1501726692424477,1,204.06182641592147,0,11038.998437470582
R8_5,29,1.1985770570727468,1,212.64965679246964,0,11038.998437470582
R8_5,30,1.0040207439611173,1,178.13178164555248,0,11038.998437470582
R8_5,31,1.0949931714906533,1,194.27196669045887,0,11038.998437470582
R8_5,32,0.9342590881620012,1,165.7547783686944,0,11038.998437470582
R8_5,33,1.1253641765167437,1,199.66034264603914,0,11038.998437470582
R8_5,34,0.9840462042111469,1,174.58793021159272,0,11038.998437470582
R8_5,35,1.2492871563745656,1,221.64656287273434,0,11038.998437470582
R8_5,36,1.2540205383944958,1,222.4863520678189,0,11038.998437470582
R8_5,37,0.8684971874863407,1,154.08740535652205,0,11038.998437470582
R8_5,38,0.8811704194733636,1,156.33587024794352,0,11038.998437470582
R8_5,39,1.0202504744618714,1,181.01123491095123,0,11038.998437470582
R8_5,40,0.9153786097045273,1,162.4050335689192,0,11038.998437470582
R8_5,41,0.8466493132628123,1,150.21118986594263,0,11038.998437470582
R8_5,42,1.3231470341926617,1,234.75066625605047,0,11038.998437470582
R8_5,43,1.1969433107134666,1,212.35980008235057,0,11038.998437470582
R8_5,44,1.0202504744618714,1,181.01123491095123,0,11038.998437470582
R8_5,45,0.9191204937975233,1,163.0689127608636,0,11038.998437470582
R8_5,46,0.9293638688822625,1,164.88627626145183,0,11038.998437470582
R8_5,47,1.0086738735513077,1,178.95733258074372,0,11038.998437470582
R8_5,48,1.3724367051509994,1,243.49556217313273,0,11038.998437470582
R8_5,49,1.1914800445296088,1,211.3905159865909,0,11038.998437470582
R8_5,50,1.2164412134472968,1,215.81908732638334,0,11038.998437470582
R8_5,51,1.0421593435857197,1,184.8982720208351,0,11038.998437470582
R8_5,52,1.2134891331519562,1,215.29533388231076,0,11038.998437470582
R8_5,53,1.2243703889706445,1,217.22586917969622,0,11038.998437470582
R8_5,54,1.082394033284574,1,192.03664740114544,0,11038.998437470582
R8_5,55,0.9967194361981679,1,176.8363951030142,0,11038.998437470582
R8_5,56,1.0,0,0.0,0,11038.998437470582
R8_5,57,0.8497514421860863,1,150.7615647016429,0,11038.998437470582
R8_5,58,1.0182357068305947,1,180.65377800588206,0,11038.998437470582
R8_5,59,0.8466493132628123,1,150.21118986594263,0,11038.998437470582
R8_5,60,1.0117590464645048,1,179.50469910779753,0,11038.998437470582
R8_5,61,1.1956752617935198,1,212.13482483688648,0,11038.998437470582
R8_5,62,0.958949258145319,1,170.13526950367665,0,11038.998437470582
R8_5,63,1.1037772469544365,1,195.83042354693723,0,11038.998437470582
R8_5,64,1.1248116287190904,1,199.56231048461996,0,11038.998437470582
R8_6,1,0.9772062304863223,1,124.56899792565885,0,12012.318749839324
R8_6,2,1.431597444906,1,182.4923476553398,0,12012.318749839324
R8_6,3,1.2757919472384547,1,162.6311002438332,0,12012.318749839324
R8_6,4,1.0406960478229212,1,132.66233859149503,0,12012.318749839324
R8_6,5,0.9772062304863223,1,124.56899792565885,0,12012.318749839324
R8_6,6,1.218808675548738,1,155.3671790453559,0,12012.318749839324
R8_6,7,1.1934774787018334,1,152.13809422269165,0,12012.318749839324
R8_6,8,1.39514900912463,1,177.8460969667996,0,12012.318749839324
R8_6,9,1.052592561713391,1,134.17884224027634,0,12012.318749839324
R8_6,10,1.1788363589880415,1,150.27172297539718,0,12012.318749839324
R8_6,11,1.2798343551612454,1,163.1464046784949,0,12012.318749839324
R8_6,12,1.2314879164024681,1,156.98346052037394,0,12012.318749839324
R8_6,13,0.9842057985406054,1,125.4612652395917,0,12012.318749839324
R8_6,14,1.2547695183486987,1,159.9512740013653,0,12012.318749839324
R8_6,15,0.9209157836744168,1,117.39339431877546,0,12012.318749839324
R8_6,16,1.3428349286401424,1,171.17737916696336,0,12012.318749839324
R8_6,17,1.3515940902838004,1,172.29395001411874,0,12012.318749839324
R8_6,18,0.9516355343061917,1,121.3093830152678,0,12012.318749839324
R8_6,19,1.073827216769244,1,136.88572193371454,0,12012.318749839324
R8_6,20,1.0661229096554177,1,135.90361827233764,0,12012.318749839324
R8_6,21,1.024139189152045,1,130.55175923876038,0,12012.318749839324
R8_6,22,1.2056130570210701,1,153.68507251991673,0,12012.318749839324
R8_6,23,1.0001634334184768,1,127.49545876393182,0,12012.318749839324
R8_6,24,1.1410858015300622,1,145.45948481423102,0,12012.318749839324
R8_6,25,1.2590063879243019,1,160.49136736232526,0,12012.318749839324
R8_6,26,1.2170226674209275,1,155.139508328748,0,12012.318749839324
R8_6,27,1.2170226674209275,1,155.139508328748,0,12012.318749839324
R8_6,28,1.2454011371844587,1,158.75704312418964,0,12012.318749839324
R8_6,29,1.2928935270821302,1,164.81111772388155,0,12012.318749839324
R8_6,30,1.35045316765091,1,172.14851132916533,0,12012.318749839324
R8_6,31,1.132691487968554,1,144.3894228395847,0,12012.318749839324
R8_6,32,1.0,0,0.0,0,12012.318749839324
R8_6,33,2.291905067789429,0,164.68511424606805,0,12012.318749839324
R8_6,34,1.203779077411113,1,153.45128665660448,0,12012.318749839324
R8_6,35,0.9250485439687814,1,117.92021638813509,0,12012.318749839324
R8_6,36,1.2285600000130117,1,156.61022547615687,0,12012.318749839324
R8_6,37,1.2130542863840255,1,154.63364044361597,0,12012.318749839324
R8_6,38,1.1980991201710616,1,152.7272362365597,0,12012.318749839324
R8_6,39,0.9818230514276571,1,125.15752544454104,0,12012.318749839324
R8_6,40,1.0221031669613865,1,130.2922180732093,0,12012.318749839324
R8_6,41,1.363782551777005,1,173.84766957412216,0,12012.318749839324
R8_6,42,0.9960306731241122,1,126.9686366945722,0,12012.318749839324
R8_6,43,0.9250485439687814,1,117.92021638813509,0,12012.318749839324
R8_6,44,1.3819767375889072,1,176.1669665904066,0,12012.318749839324
R8_6,45,1.1016033155761598,1,140.4264697172606,0,12012.318749839324
R8_6,46,1.2402573475005596,1,158.10134046238346,0,12012.318749839324
R8_6,47,0.9818230514276571,1,125.15752544454104,0,12012.318749839324
R8_6,48,1.169273316329834,1,149.0526776972467,0,12012.318749839324
R8_6,49,1.0640318218121827,1,135.63705763336512,0,12012.318749839324
R8_6,50,1.253001650317545,1,159.72591568677902,0,12012.318749839324
R8_6,51,1.1896183305896013,1,151.64615076368588,0,12012.318749839324
R8_6,52,1.1896183305896013,1,151.64615076368588,0,12012.318749839324
R8_6,53,1.363884828648045,1,173.86070727991952,0,12012.318749839324
R8_6,54,1.1088415694793259,1,141.34916342030806,0,12012.318749839324
R8_6,55,1.074633986776016,1,136.98856463791023,0,12012.318749839324
R8_6,56,1.4046254510521248,1,179.05410284926427,0,12012.318749839324
R8_6,57,1.2609809814183013,1,160.74307792779697,0,12012.318749839324
R8_6,58,1.1629402006824368,1,148.24536615406237,0,12012.318749839324
R8_6,59,1.3681367064260712,1,174.40271380585773,0,12012.318749839324
R8_6,60,1.0911874246050193,1,139.0987079201089,0,12012.318749839324
R8_6,61,1.2442058962563216,1,158.60468023491129,0,12012.318749839324
R8_6,62,1.2285600000130117,1,156.61022547615687,0,12012.318749839324
R8_6,63,1.334237077370565,1,170.08137129927684,0,12012.318749839324
R8_6,64,1.0001634334184768,1,127.49545876393182,0,12012.318749839324
R8_7,1,1.062638067785116,1,153.092413222384,0,11393.470312441423
R8_7,2,0.9186847119111512,1,132.35330429121188,0,11393.470312441423
R8_7,3,1.1849788264893348,1,170.71783297092045,0,11393.470312441423
R8_7,4,1.002104034798462,1,144.3713806592214,0,11393.470312441423
R8_7,5,1.2003438369435333,1,172.931443231019,0,11393.470312441423
R8_7,6,1.117488530046204,1,160.9946236630621,0,11393.470312441423
R8_7,7,1.2444635038512732,1,179.28768669926967,0,11393.470312441423
R8_7,8,1.2568153336181442,1,181.06719327262604,0,11393.470312441423
R8_7,9,0.9192859968936595,1,132.43993037002204,0,11393.470312441423
R8_7,10,1.2713038371481407,1,183.1545267087521,0,11393.470312441423
R8_7,11,1.2504478472669458,1,180.14984061868122,0,11393.470312441423
R8_7,12,0.9472665902408668,1,136.47104565638327,0,11393.470312441423
R8_7,13,1.0494904999866694,1,151.1982660585576,0,11393.470312441423
R8_7,14,1.0443894671347014,1,150.4633691515968,0,11393.470312441423
R8_7,15,1.1367028952479785,1,163.7628037485045,0,11393.470312441423
R8_7,16,1.1745771367139106,1,169.21927966515622,0,11393.470312441423
R8_7,17,1.1304629057997495,1,162.86381935102068,0,11393.470312441423
R8_7,18,1.128353934402126,1,162.55998351973665,0,11393.470312441423
R8_7,19,0.9653329625657783,1,139.07383641011546,0,11393.470312441423
R8_7,20,0.989891818101583,1,142.6119878973786,0,11393.470312441423
R8_7,21,0.9683107582321675,1,139.5028422386015,0,11393.470312441423
R8_7,22,0.9631897589536322,1,138.7650688033853,0,11393.470312441423
R8_7,23,1.1488753759811132,1,165.51647181934888,0,11393.470312441423
R8_7,24,1.1070683651653823,1,159.4934086810829,0,11393.470312441423
R8_7,25,1.0084881084449773,1,145.29112301587486,0,11393.470312441423
R8_7,26,1.0528453645024225,1,151.68159553857635,0,11393.470312441423
R8_7,27,1.0830248086293182,1,156.02949542204942,0,11393.470312441423
R8_7,28,0.9546403479456629,1,137.53337006933927,0,11393.470312441423
R8_7,29,1.0111333495785608,1,145.67221829278276,0,11393.470312441423
R8_7,30,1.0924099973690407,1,157.3816031963421,0,11393.470312441423
R8_7,31,1.0093129877869398,1,145.40996194411093,0,11393.470312441423
R8_7,32,1.1384072430540417,1,164.00834616460133,0,11393.470312441423
R8_7,33,1.0086263592261844,1,145.31104056481885,0,11393.470312441423
R8_7,34,1.2475691582600952,1,179.7351129137965,0,11393.470312441423
R8_7,35,1.6411104359909885,1,236.43191847433937,0,11393.470312441423
R8_7,36,1.04797915739673,1,150.98052956735341,0,11393.470312441423
R8_7,37,1.0224668096997185,1,147.30501012728232,0,11393.470312441423
R8_7,38,1.0565370489763275,1,152.21345008256418,0,11393.470312441423
R8_7,39,1.1535790055018413,1,166.19411552143578,0,11393.470312441423
R8_7,40,1.3210471687846663,1,190.32096174700558,0,11393.470312441423
R8_7,41,1.123806666438476,1,161.9048665544889,0,11393.470312441423
R8_7,42,1.1875843277128109,1,171.09320298828408,0,11393.470312441423
R8_7,43,1.0029038861016666,1,144.4866138415616,0,11393.470312441423
R8_7,44,1.1742292634126734,1,169.16916216532582,0,11393.470312441423
R8_7,45,0.9249779887754279,1,133.25996571379457,0,11393.470312441423
R8_7,46,1.0111333495785608,1,145.67221829278276,0,11393.470312441423
R8_7,47,1.2805500125061897,1,184.48660706758162,0,11393.470312441423
R8_7,48,0.9546403479456629,1,137.53337006933927,0,11393.470312441423
R8_7,49,1.1046414112753435,1,159.14376166666744,0,11393.470312441423
R8_7,50,1.2693342647085117,1,182.87077384223988,0,11393.470312441423
R8_7,51,1.114249971886121,1,160.52805023687034,0,11393.470312441423
R8_7,52,1.1832871333507242,1,170.47411369069403,0,11393.470312441423
R8_7,53,1.0751149525045296,1,154.88993624466193,0,11393.470312441423
R8_7,54,0.948514413848148,1,136.65081742732417,0,11393.470312441423
R8_7,55,1.1696276175190548,1,168.50621106654066,0,11393.470312441423
R8_7,56,1.11045051525279,1,159.980669145825,0,11393.470312441423
R8_7,57,0.9247797349601043,1,133.2314036323686,0,11393.470312441423
R8_7,58,0.9863377577607437,1,142.09996062223018,0,11393.470312441423
R8_7,59,0.9186847119111512,1,132.35330429121188,0,11393.470312441423
R8_7,60,0.948514413848148,1,136.65081742732417,0,11393.470312441423
R8_7,61,1.1195097949369952,1,161.28582377086343,0,11393.470312441423
R8_7,62,0.9565080558237469,1,137.8024474861179,0,11393.470312441423
R8_7,63,1.5399496756841167,1,221.8578641577363,0,11393.470312441423
R8_7,64,1.1670046154848155,1,168.12831973789108,0,11393.470312441423
R8_8,1,1.3569882069117298,1,213.91075955631413,0,11305.51250003009
R8_8,2,1.0814928960874433,1,170.48266571403673,0,11305.51250003009
R8_8,3,1.2483057413290428,1,196.7784450344692,0,11305.51250003009
R8_8,4,1.0427515154616813,1,164.37561326235937,0,11305.51250003009
R8_8,5,0.9225236455753549,1,145.42332256725405,0,11305.51250003009
R8_8,6,1.2504058991164122,1,197.1095063843001,0,11305.51250003009
R8_8,7,1.1420822789220537,1,180.03375896391543,0,11305.51250003009
R8_8,8,1.280271624827364,1,201.81743239205002,0,11305.51250003009
R8_8,9,1.1391828349560793,1,179.57670100431545,0,11305.51250003009
R8_8,10,1.1892387911534588,1,187.46734261487694,0,11305.51250003009
R8_8,11,0.9559289367828221,1,150.68921299945697,0,11305.51250003009
R8_8,12,1.0427515154616813,1,164.37561326235937,0,11305.51250003009
R8_8,13,1.1054386573972401,1,174.2573897417351,0,11305.51250003009
R8_8,14,0.9661742787860454,1,152.30425200912666,0,11305.51250003009
R8_8,15,1.025631508302629,1,161.67687666586664,0,11305.51250003009
R8_8,16,1.008450352857416,1,158.96850087260563,0,11305.51250003009
R8_8,17,1.2136660561961747,1,191.31796916605538,0,11305.51250003009
R8_8,18,0.9710114399775591,1,153.06676477033002,0,11305.51250003009
R8_8,19,1.2719578695682934,1,200.50688179686094,0,11305.51250003009
R8_8,20,1.2582520766554826,1,198.3463497027959,0,11305.51250003009
R8_8,21,1.293594580016027,1,203.91761531878893,0,11305.51250003009
R8_8,22,1.5578618549125522,1,245.5757618016124,0,11305.51250003009
R8_8,23,1.0814335041295244,1,170.47330337856081,0,11305.51250003009
R8_8,24,1.110385603751622,1,175.03720864270997,0,11305.51250003009
R8_8,25,1.4505909521297848,1,228.66596098265376,0,11305.51250003009
R8_8,26,1.0,0,0.0,0,11305.51250003009
R8_8,27,1.0825544122847628,1,170.64999932452307,0,11305.51250003009
R8_8,28,1.3152971638029207,1,207.33873287791243,0,11305.51250003009
R8_8,29,1.43275554912384,1,225.8544519477466,0,11305.51250003009
R8_8,30,0.9426059194280185,1,148.58902027307056,0,11305.51250003009
R8_8,31,1.110385603751622,1,175.03720864270997,0,11305.51250003009
R8_8,32,1.2948946744658478,1,204.12255755029804,0,11305.51250003009
R8_8,33,1.012091188528263,1,159.54242916454143,0,11305.51250003009
R8_8,34,1.3021487550534196,1,205.26606482653415,0,11305.51250003009
R8_8,35,1.0418556440648832,1,164.23439130480855,0,11305.51250003009
R8_8,36,1.1365958689132363,1,179.16890094507204,0,11305.51250003009
R8_8,37,1.0827212958398889,1,170.67630625029656,0,11305.51250003009
R8_8,38,0.9867062152329016,1,155.54083291538527,0,11305.51250003009
R8_8,39,1.012091188528263,1,159.54242916454143,0,11305.51250003009
R8_8,40,1.025631508302629,1,161.67687666586664,0,11305.51250003009
R8_8,41,1.2552388965040286,1,197.8713627783738,0,11305.51250003009
R8_8,42,1.1863413565972039,1,187.01060141142625,0,11305.51250003009
R8_8,43,0.9642049308057317,1,151.9938110486565,0,11305.51250003009
R8_8,44,0.9770841428646566,1,154.02404389812384,0,11305.51250003009
R8_8,45,1.0166166277506825,1,160.25580319127465,0,11305.51250003009
R8_8,46,1.0516509326063535,1,165.7784854990741,0,11305.51250003009
R8_8,47,0.9762775146110343,1,153.89688990995097,0,11305.51250003009
R8_8,48,1.3750969193746023,1,216.76535211488564,0,11305.51250003009
R8_8,49,1.1939084408953917,1,188.203449471275,0,11305.51250003009
R8_8,50,1.1149988740997259,1,175.76442805344257,0,11305.51250003009
R8_8,51,1.279086507113563,1,201.63061468130545,0,11305.51250003009
R8_8,52,0.9559289367828221,1,150.68921299945697,0,11305.51250003009
R8_8,53,1.1856017379995762,1,186.89401058536419,0,11305.51250003009
R8_8,54,0.8981810450123007,1,141.58604222133997,1,11305.51250003009
R8_8,55,1.2919944742060583,1,203.66538037124997,0,11305.51250003009
R8_8,56,1.2719578695682934,1,200.50688179686094,0,11305.51250003009
R8_8,57,1.0718114317612795,1,168.95651436129938,0,11305.51250003009
R8_8,58,1.0861228399441405,1,171.21251347693163,0,11305.51250003009
R8_8,59,1.377149956498691,1,217.08898553216522,0,11305.51250003009
R8_8,60,1.163979929147235,1,183.485626097549,0,11305.51250003009
R8_8,61,1.2518049728718879,1,197.33005135896124,0,11305.51250003009
R8_8,62,1.2056281573048757,1,190.0509035804323,0,11305.51250003009
R8_8,63,0.9116137814967438,1,143.70353067825684,0,11305.51250003009
R8_8,64,1.22893084690174,1,193.72425608709483,0,11305.51250003009
R8_9,1,1.3836084748580326,1,181.76004826155113,0,10326.90624992938
R8_9,2,1.0675612919329556,1,140.24197991690346,0,10326.90624992938
R8_9,3,1.2213525697083192,1,160.44502910213214,0,10326.90624992938
R8_9,4,1.1894854269708954,1,156.25874844025154,0,10326.90624992938
R8_9,5,1.3691355060029125,1,179.85878242992595,0,10326.90624992938
R8_9,6,1.310347946993824,1,172.13605612632526,0,10326.90624992938
R8_9,7,1.0662352327093938,1,140.06777992257562,0,10326.90624992938
R8_9,8,1.1601419374179311,1,152.40399171230047,0,10326.90624992938
R8_9,9,1.3839746963102435,1,181.8081575569463,0,10326.90624992938
R8_9,10,1.110589174626444,1,145.89440990491954,0,10326.90624992938
R8_9,11,1.0325794813046123,1,135.64653568277018,0,10326.90624992938
R8_9,12,1.4129868211516037,1,185.6193840037032,0,10326.90624992938
R8_9,13,1.205499547208758,1,158.36247020850612,0,10326.90624992938
R8_9,14,1.1589406559764708,1,152.2461833606294,0,10326.90624992938
R8_9,15,1.4263476107007627,1,187.37454653515292,0,10326.90624992938
R8_9,16,1.366278572788719,1,179.4834766058234,0,10326.90624992938
R8_9,17,1.0790787573175002,1,141.75499107734785,0,10326.90624992938
R8_9,18,1.1741824871570206,1,154.24845208137836,0,10326.90624992938
R8_9,19,1.3638989237139327,1,179.17087001332393,0,10326.90624992938
R8_9,20,1.4613879666044323,1,191.9776816675873,0,10326.90624992938
R8_9,21,1.2034845603753777,1,158.09776808305887,0,10326.90624992938
R8_9,22,1.3026216329749705,1,171.12107592457804,0,10326.90624992938
R8_9,23,1.1193227008355056,1,147.04170422560205,0,10326.90624992938
R8_9,24,1.4916053770383133,1,195.94724247803646,0,10326.90624992938
R8_9,25,1.1651741500967,1,153.06505677223336,0,10326.90624992938
R8_9,26,1.4292147558386752,1,187.751193865745,0,10326.90624992938
R8_9,27,1.0053716105725652,1,132.07232810366582,0,10326.90624992938
R8_9,28,1.366278572788719,1,179.4834766058234,0,10326.90624992938
R8_9,29,1.0790787573175002,1,141.75499107734785,0,10326.90624992938
R8_9,30,1.1119449098385896,1,146.07250833526845,0,10326.90624992938
R8_9,31,1.8355466149023467,1,241.12966014118246,0,10326.90624992938
R8_9,32,0.965886671673525,1,126.88532287038947,0,10326.90624992938
R8_9,33,1.186554374930525,1,155.87370587221616,0,10326.90624992938
R8_9,34,1.1067617193522121,1,145.39160982237843,0,10326.90624992938
R8_9,35,1.1604172564954052,1,152.44015946475236,0,10326.90624992938
R8_9,36,1.0856582602105878,1,142.6193185118175,0,10326.90624992938
R8_9,37,1.0325794813046123,1,135.64653568277018,0,10326.90624992938
R8_9,38,1.3836084748580326,1,181.76004826155113,0,10326.90624992938
R8_9,39,1.1245088700924164,1,147.7229940496798,0,10326.90624992938
R8_9,40,1.0053716105725652,1,132.07232810366582,0,10326.90624992938
R8_9,41,1.227455809851369,1,161.24679148152637,0,10326.90624992938
R8_9,42,1.0856582602105878,1,142.6193185118175,0,10326.90624992938
R8_9,43,1.2401473171829398,1,162.91403263176215,0,10326.90624992938
R8_9,44,0.9302536043480085,1,122.20432520776879,0,10326.90624992938
R8_9,45,1.2661261659000456,1,166.32678767222646,0,10326.90624992938
R8_9,46,1.8334292796330818,1,240.85151284176894,0,10326.90624992938
R8_9,47,1.2345282964977642,1,162.17588055371485,0,10326.90624992938
R8_9,48,1.3704169849058658,1,180.02712605565483,0,10326.90624992938
R8_9,49,1.0299132377740587,1,135.29628012883555,0,10326.90624992938
R8_9,50,1.0,0,0.0,0,10326.90624992938
R8_9,51,1.2262579888118008,1,161.08943771135458,0,10326.90624992938
R8_9,52,1.2220745862407778,1,160.53987801507935,0,10326.90624992938
R8_9,53,1.1245088700924164,1,147.7229940496798,0,10326.90624992938
R8_9,54,1.5332557516573804,1,201.41871380712732,0,10326.90624992938
R8_9,55,0.9090909090909083,1,119.42425224553153,1,10326.90624992938
R8_9,56,1.0660536211267058,1,140.04392221236796,0,10326.90624992938
R8_9,57,1.3339415769678542,1,175.23547290547253,0,10326.90624992938
R8_9,58,1.252026573289518,1,164.47457103729948,0,10326.90624992938
R8_9,59,1.0675612919329556,1,140.24197991690346,0,10326.90624992938
R8_9,60,1.1365344329981255,1,149.30275229331045,0,10326.90624992938
R8_9,61,1.1692893077884428,1,153.60565136546285,0,10326.90624992938
R8_9,62,1.186554374930525,1,155.87370587221616,0,10326.90624992938
R8_9,63,1.1241831935972044,1,147.68021101057388,0,10326.90624992938
R8_9,64,1.2474074582977686,1,163.8677732479812,0,10326.90624992938
R9_0,1,0.9962941618410355,1,146.29357250046348,0,15555.746874952092
R9_0,2,0.9928394824331086,1,145.78629522053288,0,15555.746874952092
R9_0,3,1.0107968339601001,1,148.4231119440955,0,15555.746874952092
R9_0,4,0.9325087846526294,1,136.92747254767625,0,15555.746874952092
R9_0,5,0.9871346892562869,1,144.9486163439735,0,15555.746874952092
R9_0,6,1.0098495277355415,1,148.28401164907194,0,15555.746874952092
R9_0,7,1.375963491659176,1,202.04335479901218,0,15555.746874952092
R9_0,8,2.657815951636998,0,243.4299300369971,0,15555.746874952092
R9_0,9,2.249835834697084,0,183.5230560410624,0,15555.746874952092
R9_0,10,1.0201114737822152,1,149.79085250539154,0,15555.746874952092
R9_0,11,1.1303016835216475,1,165.97093270135395,0,15555.746874952092
R9_0,12,1.122603223602333,1,164.84050832722443,0,15555.746874952092
R9_0,13,0.9910664218391823,1,145.5259430289013,0,15555.746874952092
R9_0,14,1.103950278554473,1,162.10155223049918,0,15555.746874952092
R9_0,15,1.2184463077518792,1,178.91388917870876,0,15555.746874952092
R9_0,16,1.05167718192145,1,154.42588941423202,0,15555.746874952092
R9_0,17,1.1468342361836381,1,168.39853519478334,0,15555.746874952092
R9_0,18,0.9619533920331769,1,141.25105183736486,0,15555.746874952092
R9_0,19,1.1261716305161062,1,165.36448509587936,0,15555.746874952092
R9_0,20,1.2491540903340947,1,183.422950246796,0,15555.746874952092
R9_0,21,1.2787180159164198,1,187.76404995030543,0,15555.746874952092
R9_0,22,0.9676198232170705,1,142.0830977259891,0,15555.746874952092
R9_0,23,1.049307400381526,1,154.077916073828,0,15555.746874952092
R9_0,24,1.1669370165750994,1,171.35038182131055,0,15555.746874952092
R9_0,25,2.2457019035104224,0,182.91603897227714,0,15555.746874952092
R9_0,26,1.0599792917164415,1,155.64495236543522,0,15555.746874952092
R9_0,27,0.9614292509418636,1,141.174088149652,0,15555.746874952092
R9_0,28,1.1317579813480254,1,166.18477216745262,0,15555.746874952092
R9_0,29,1.000196858129609,1,146.86663556186397,0,15555.746874952092
R9_0,30,1.2284085382470806,1,180.376720483996,0,15555.746874952092
R9_0,31,0.9729026222053374,1,142.8588119340975,0,15555.746874952092
R9_0,32,1.0162398340845105,1,149.22234972327615,0,15555.746874952092
R9_0,33,1.271872264976384,1,186.75883542649876,0,15555.746874952092
R9_0,34,1.0936849628370986,1,160.5942165793847,0,15555.746874952092
R9_0,35,0.9526825785538051,1,139.88974663672417,0,15555.746874952092
R9_0,36,1.0672295872518127,1,156.70956929904622,0,15555.746874952092
R9_0,37,1.2411174025240186,1,182.24286125718004,0,15555.746874952092
R9_0,38,1.0037893819990167,1,147.39415360952322,0,15555.746874952092
R9_0,39,1.1101079284459878,1,163.00572755876996,0,15555.746874952092
R9_0,40,1.0191971110564815,1,149.6565895589324,0,15555.746874952092
R9_0,41,1.0864272103720882,1,159.52850468715795,0,15555.746874952092
R9_0,42,2.2984039846181226,0,190.6546928947371,0,15555.746874952092
R9_0,43,1.1501411433326805,1,168.88411393175687,0,15555.746874952092
R9_0,44,0.9619533920331769,1,141.25105183736486,0,15555.746874952092
R9_0,45,0.9534660625396416,1,140.00479164619486,0,15555.746874952092
R9_0,46,0.9642944978854953,1,141.59481450491384,0,15555.746874952092
R9_0,47,1.2405911947323105,1,182.16559409987406,0,15555.746874952092
R9_0,48,1.0986024833228054,1,161.31629412159296,0,15555.746874952092
R9_0,49,1.0652539608935108,1,156.419472810527,0,15555.746874952092
R9_0,50,1.272067664384915,1,186.787527431966,0,15555.746874952092
R9_0,51,1.067004985854723,1,156.67658933988622,0,15555.746874952092
R9_0,52,1.0181015678551795,1,149.49572248283621,0,15555.746874952092
R9_0,53,1.2148025006522438,1,178.3788408179688,0,15555.746874952092
R9_0,54,1.1109653707432159,1,163.13163243875294,0,15555.746874952092
R9_0,55,1.1381227010151669,1,167.11935315139587,0,15555.746874952092
R9_0,56,1.0327987735246964,1,151.65382679130124,0,15555.746874952092
R9_0,57,1.0727417050711967,1,157.5189561636155,0,15555.746874952092
R9_0,58,0.9897345945672846,1,145.33038053639464,0,15555.746874952092
R9_0,59,1.020553997636938,1,149.8558317034072,0,15555.746874952092
R9_0,60,0.9247358031610808,1,135.7861055950912,0,15555.746874952092
R9_0,61,1.2171507545253917,1,178.72365308466513,0,15555.746874952092
R9_0,62,1.1196856113310307,1,164.41209276615024,0,15555.746874952092
R9_0,63,1.1531800525302316,1,169.33034045806016,0,15555.746874952092
R9_0,64,2.8273169776698737,0,268.3190758240427,0,15555.746874952092
R9_1,1,1.28056956817872,1,196.89321290992723,0,15707.153125049444
R9_1,2,1.0853219826152696,1,166.87303642770092,0,15707.153125049444
R9_1,3,1.0015881211773632,1,153.99858632553898,0,15707.153125049444
R9_1,4,1.2041325428210907,1,185.14068350276193,0,15707.153125049444
R9_1,5,1.2943647272095475,1,199.0142793882176,0,15707.153125049444
R9_1,6,1.4954540508256198,1,229.93264883296683,0,15707.153125049444
R9_1,7,1.0831416245872685,1,166.53779677489726,0,15707.153125049444
R9_1,8,1.0294839917891654,1,158.28769933287745,0,15707.153125049444
R9_1,9,1.4913923922919423,1,229.30815093897434,0,15707.153125049444
R9_1,10,1.0868621463252843,1,167.10984338361118,0,15707.153125049444
R9_1,11,0.9736031748876428,1,149.69577754027978,0,15707.153125049444
R9_1,12,1.0227695030840227,1,157.255317112454,0,15707.153125049444
R9_1,13,1.1741704313106833,1,180.5338768540301,0,15707.153125049444
R9_1,14,1.2871338499635847,1,197.9025001545921,0,15707.153125049444
R9_1,15,1.0111996568260686,1,155.47640227704832,0,15707.153125049444
R9_1,16,1.382311450454207,1,212.5364755537639,0,15707.153125049444
R9_1,17,1.1380072242106234,1,174.97362443823624,0,15707.153125049444
R9_1,18,1.474993217929331,1,226.78670563091762,0,15707.153125049444
R9_1,19,1.554527613188668,1,239.01546930654538,0,15707.153125049444
R9_1,20,1.3269636427766027,1,204.02650627762102,0,15707.153125049444
R9_1,21,1.1899967650063736,1,182.9672453857848,0,15707.153125049444
R9_1,22,1.488995974555694,1,228.93969115413407,0,15707.153125049444
R9_1,23,1.0743701717302745,1,165.1891472537641,0,15707.153125049444
R9_1,24,0.9326993004360169,1,143.4066266332355,0,15707.153125049444
R9_1,25,1.789259311896899,1,275.1065021398502,0,15707.153125049444
R9_1,26,1.325740030491387,1,203.8383704979032,0,15707.153125049444
R9_1,27,0.993664962789369,1,152.78036581634382,0,15707.153125049444
R9_1,28,1.1645186974214035,1,179.0498802459311,0,15707.153125049444
R9_1,29,1.1292292561895856,1,173.62397318192805,0,15707.153125049444
R9_1,30,1.1708377121408127,1,180.02145659870914,0,15707.153125049444
R9_1,31,1.1418582007735179,1,175.56572905101967,0,15707.153125049444
R9_1,32,0.982385180063611,1,151.04604952694504,0,15707.153125049444
R9_1,33,0.9364186685196358,1,143.9784958625032,0,15707.153125049444
R9_1,34,1.2849200053578684,1,197.56211179293211,0,15707.153125049444
R9_1,35,0.9545109009913215,1,146.7602563139324,0,15707.153125049444
R9_1,36,0.9940686302003883,1,152.8424314592248,0,15707.153125049444
R9_1,37,1.2543757238739168,1,192.86579394590316,0,15707.153125049444
R9_1,38,1.5706699671680724,1,241.49742734921176,0,15707.153125049444
R9_1,39,1.3316942717692264,1,204.7538613269584,0,15707.153125049444
R9_1,40,1.2153737186733107,1,186.86906381526404,0,15707.153125049444
R9_1,41,0.9975801564455224,1,153.382344090137,0,15707.153125049444
R9_1,42,1.1170709027405934,1,171.75457277311483,0,15707.153125049444
R9_1,43,1.6888923697050693,1,259.6746425914459,0,15707.153125049444
R9_1,44,0.9718295567471014,1,149.42307593714582,0,15707.153125049444
R9_1,45,1.1384163050015292,1,175.03652241212427,0,15707.153125049444
R9_1,46,1.1760877966088792,1,180.82868021595948,0,15707.153125049444
R9_1,47,1.0047237805823421,1,154.4807077738219,0,15707.153125049444
R9_1,48,1.5344682061658261,1,235.93124710109942,0,15707.153125049444
R9_1,49,1.5342673383218717,1,235.9003627851284,0,15707.153125049444
R9_1,50,1.339230208653838,1,205.9125448240276,0,15707.153125049444
R9_1,51,1.2332268233367891,1,189.61405731265648,0,15707.153125049444
R9_1,52,1.1001946345258826,1,169.15977218336636,0,15707.153125049444
R9_1,53,1.2908532180472037,1,198.4743693838598,0,15707.153125049444
R9_1,54,1.014836512524564,1,156.03558486357858,0,15707.153125049444
R9_1,55,1.325740030491387,1,203.8383704979032,0,15707.153125049444
R9_1,56,1.1108834526810742,1,170.8032250664289,0,15707.153125049444
R9_1,57,0.9385462029843801,1,144.30561365973145,0,15707.153125049444
R9_1,58,0.9509376073934206,1,146.21084668040345,0,15707.153125049444
R9_1,59,0.9061828252782274,1,139.32960175415025,0,15707.153125049444
R9_1,60,1.0809978440218977,1,166.2081810681224,0,15707.153125049444
R9_1,61,1.283488061663439,1,197.341944141203,0,15707.153125049444
R9_1,62,1.0,0,0.0,0,15707.153125049444
R9_1,63,1.1785495375043737,1,181.20718372432793,0,15707.153125049444
R9_1,64,1.5460151053944973,1,237.70663372965566,0,15707.153125049444
R9_2,1,1.3542771992489069,1,183.37378493166415,0,17248.285937512264
R9_2,2,1.2105286085709182,1,163.90973195503946,0,17248.285937512264
R9_2,3,1.0940093482448567,1,148.13262384506197,0,17248.285937512264
R9_2,4,0.9090909090909101,1,123.09403195994311,0,17248.285937512264
R9_2,5,1.2681835065110718,1,171.7164031897012,0,17248.285937512264
R9_2,6,0.9975260257118794,1,135.0684505388384,0,17248.285937512264
R9_2,7,0.9723901754711726,1,131.66497007068176,0,17248.285937512264
R9_2,8,1.1108515645014254,1,150.4131177818406,0,17248.285937512264
R9_2,9,0.9011111653519936,1,122.01354724602972,0,17248.285937512264
R9_2,10,1.4239379108286947,1,192.80608457497428,0,17248.285937512264
R9_2,11,0.9266688423774188,1,125.47414450987826,0,17248.285937512264
R9_2,12,2.565151330520944,0,211.92686669142188,0,17248.285937512264
R9_2,13,0.9426622307955821,1,127.63970424148084,0,17248.285937512264
R9_2,14,0.9779686713275577,1,132.42031757263922,0,17248.285937512264
R9_2,15,1.1619769949321643,1,157.3356766859887,0,17248.285937512264
R9_2,16,1.0406358550307626,1,140.90566951760147,0,17248.285937512264
R9_2,17,0.9485103242966932,1,128.43155619064433,0,17248.285937512264
R9_2,18,1.0211847294824494,1,138.27192030071035,0,17248.285937512264
R9_2,19,0.9600529955303863,1,129.9944735265622,0,17248.285937512264
R9_2,20,1.3456808237843827,1,182.2098061638773,0,17248.285937512264
R9_2,21,1.1580973580325278,1,156.81036052261987,0,17248.285937512264
R9_2,22,1.0583667324428454,1,143.30649122752627,0,17248.285937512264
R9_2,23,1.1284592785416656,1,152.79726274813245,0,17248.285937512264
R9_2,24,0.9500785537389334,1,128.64389984423636,0,17248.285937512264
R9_2,25,1.2679389707812856,1,171.6832922118699,0,17248.285937512264
R9_2,26,1.2145658292750277,1,164.45638550685854,0,17248.285937512264
R9_2,27,1.1295911279632023,1,152.9505190478878,0,17248.285937512264
R9_2,28,1.0076957043609802,1,136.4454599623586,0,17248.285937512264
R9_2,29,0.9877399053939211,1,133.74337623093734,0,17248.285937512264
R9_2,30,0.9346728535929874,1,126.55791512349313,0,17248.285937512264
R9_2,31,0.9786113905558409,1,132.50734396398937,0,17248.285937512264
R9_2,32,1.0343124435442181,1,140.0494578804186,0,17248.285937512264
R9_2,33,0.9246075684723678,1,125.19504094233713,0,17248.285937512264
R9_2,34,1.0887548573656503,1,147.42114773002191,0,17248.285937512264
R9_2,35,1.4725222999526864,1,199.3845777573154,0,17248.285937512264
R9_2,36,0.9752853250021225,1,132.0569832624623,0,17248.285937512264
R9_2,37,0.939940038635207,1,127.2711100718115,0,17248.285937512264
R9_2,38,1.0196192597549434,1,138.05995032197342,0,17248.285937512264
R9_2,39,1.0442405957912229,1,141.39376379941453,0,17248.285937512264
R9_2,40,1.0498882572813422,1,142.15847656577444,0,17248.285937512264
R9_2,41,1.0402738290261553,1,140.85664995296173,0,17248.285937512264
R9_2,42,1.3365564342836542,1,180.97433248177745,0,17248.285937512264
R9_2,43,1.0233594097197205,1,138.56637947520275,0,17248.285937512264
R9_2,44,0.9177251060172136,1,124.26313188357751,0,17248.285937512264
R9_2,45,1.3563233683259774,1,183.65084325360917,0,17248.285937512264
R9_2,46,2.306198812122375,0,176.86380615797452,0,17248.285937512264
R9_2,47,1.3686616320572416,1,185.32148654668234,0,17248.285937512264
R9_2,48,1.1190092561113865,1,151.51769724877187,0,17248.285937512264
R9_2,49,1.106412129990769,1,149.81200309894774,0,17248.285937512264
R9_2,50,1.1377414631136507,1,154.0541024249306,0,17248.285937512264
R9_2,51,1.0355225123927276,1,140.213305359282,0,17248.285937512264
R9_2,52,1.4745549130572506,1,199.6598005540164,0,17248.285937512264
R9_2,53,1.1424959913739752,1,154.6978818839246,0,17248.285937512264
R9_2,54,1.0374912221113597,1,140.4798754180098,0,17248.285937512264
R9_2,55,1.374223696692109,1,186.07460920480256,0,17248.285937512264
R9_2,56,1.0984731226084357,1,148.7370342276514,0,17248.285937512264
R9_2,57,1.0076957043609802,1,136.4454599623586,0,17248.285937512264
R9_2,58,1.0603416651396689,1,143.57390389887794,0,17248.285937512264
R9_2,59,0.8857786951891544,1,119.93747811655533,0,17248.285937512264
R9_2,60,1.3260590866813988,1,179.55295555640654,0,17248.285937512264
R9_2,61,1.1176437905587306,1,151.332808522355,0,17248.285937512264
R9_2,62,0.9090909090909101,1,123.09403195994311,0,17248.285937512264
R9_2,63,1.457415779202421,1,197.33910295447518,0,17248.285937512264
R9_2,64,1.240992820085193,1,168.03469084338934,0,17248.285937512264
R9_3,1,1.076129153028882,1,173.6731619910161,0,18511.714062469764
R9_3,2,1.2418188074161876,1,200.41330382775516,0,18511.714062469764
R9_3,3,1.071573995799696,1,172.93801922759175,0,18511.714062469764
R9_3,4,1.4131837349338987,0,66.68244748063438,0,18511.714062469764
R9_3,5,1.24240330882904,1,200.50763470641596,0,18511.714062469764
R9_3,6,1.0196162219820017,1,164.552714505073,0,18511.714062469764
R9_3,7,1.0874992322677492,1,175.5081439798824,0,18511.714062469764
R9_3,8,1.1434388671876317,1,184.53606897365722,0,18511.714062469764
R9_3,9,1.1460288956023703,1,184.95406566408082,0,18511.714062469764
R9_3,10,1.5861280396691768,1,255.9803079366662,0,18511.714062469764
R9_3,11,1.3013549898392949,1,210.02166452051404,0,18511.714062469764
R9_3,12,1.1885033634420807,1,191.80888890982717,0,18511.714062469764
R9_3,13,2.6023320127115994,0,258.5954171242332,0,18511.714062469764
R9_3,14,1.3694528472194527,1,221.01176750465626,0,18511.714062469764
R9_3,15,1.3396544390908502,1,216.20269440462212,0,18511.714062469764
R9_3,16,1.1909669728519106,1,192.20648322730472,0,18511.714062469764
R9_3,17,1.3989633521892593,1,225.77437680265024,0,18511.714062469764
R9_3,18,1.2477728285362168,1,201.37420491622228,0,18511.714062469764
R9_3,19,1.2347704282976544,1,199.27578768019762,0,18511.714062469764
R9_3,20,1.3030538633078663,1,210.29584046517544,0,18511.714062469764
R9_3,21,1.2026493252332369,1,194.09186201464422,0,18511.714062469764
R9_3,22,1.235688465550222,1,199.42394687840383,0,18511.714062469764
R9_3,23,2.4864061224787655,0,239.8864955633852,0,18511.714062469764
R9_3,24,1.3626650888388365,1,219.91631213345403,0,18511.714062469764
R9_3,25,1.3263794029817788,1,214.0602773070855,0,18511.714062469764
R9_3,26,1.4477899428046594,1,233.65434953412947,0,18511.714062469764
R9_3,27,1.3192567350797546,1,212.91077192209087,0,18511.714062469764
R9_3,28,1.2265379991356138,1,197.94718135128787,0,18511.714062469764
R9_3,29,1.215330810509034,1,196.1384877754936,0,18511.714062469764
R9_3,30,1.3609613019078193,1,219.64134322025683,0,18511.714062469764
R9_3,31,1.2056672097916987,1,194.57890908730914,0,18511.714062469764
R9_3,32,1.3473887138869962,1,217.45090513822612,0,18511.714062469764
R9_3,33,0.9090909090909083,1,146.71537544979776,1,18511.714062469764
R9_3,34,1.3417675697961364,1,216.5437260459031,0,18511.714062469764
R9_3,35,1.2665094591201989,1,204.39805188609432,0,18511.714062469764
R9_3,36,1.3527844566446987,1,218.32170740520493,0,18511.714062469764
R9_3,37,1.023200363000564,1,165.13114795979703,0,18511.714062469764
R9_3,38,1.1301752868135058,1,182.395500681819,0,18511.714062469764
R9_3,39,1.2265379991356138,1,197.94718135128787,0,18511.714062469764
R9_3,40,1.6047451228468184,1,258.9848615196733,0,18511.714062469764
R9_3,41,1.0875628649724192,1,175.51841346565496,0,18511.714062469764
R9_3,42,1.1865954596920965,1,191.50097821332656,0,18511.714062469764
R9_3,43,0.9720158573952311,1,156.87063860698836,0,18511.714062469764
R9_3,44,1.1687093559608819,1,188.61439514664144,0,18511.714062469764
R9_3,45,1.2212674061242197,1,197.0965766155274,0,18511.714062469764
R9_3,46,1.23188239328797,1,198.80969662536407,0,18511.714062469764
R9_3,47,0.9749422725404102,1,157.34292371340962,0,18511.714062469764
R9_3,48,1.0956996581205622,1,176.83158539351112,0,18511.714062469764
R9_3,49,0.9938286354480557,1,160.3909355207738,0,18511.714062469764
R9_3,50,1.1788938591118683,1,190.25804067056453,0,18511.714062469764
R9_3,51,1.0565740758128186,1,170.51722844574067,0,18511.714062469764
R9_3,52,1.2621173168826783,1,203.68921760894713,0,18511.714062469764
R9_3,53,1.3335553494989831,1,215.21838116331267,0,18511.714062469764
R9_3,54,1.0391290179906179,1,167.7018244168005,0,18511.714062469764
R9_3,55,1.155434099659848,1,186.47194251300306,0,18511.714062469764
R9_3,56,1.2023859386629052,1,194.04935486913433,0,18511.714062469764
R9_3,57,1.1566487879014815,1,186.6679772985712,0,18511.714062469764
R9_3,58,1.2955432555877735,1,209.08372667051506,0,18511.714062469764
R9_3,59,1.2060395139457967,1,194.63899410543422,0,18511.714062469764
R9_3,60,1.0956996581205622,1,176.83158539351112,0,18511.714062469764
R9_3,61,1.5941193479959708,1,257.27000051831743,0,18511.714062469764
R9_3,62,1.4220068336868756,1,229.49329314620275,0,18511.714062469764
R9_3,63,1.2360176040864825,1,199.47706553071876,0,18511.714062469764
R9_3,64,1.1928275848383585,1,192.50676165207875,0,18511.714062469764
R9_4,1,1.2631754577743486,1,164.50786283591373,0,19231.539062502634
R9_4,2,1.1825215886554918,1,154.00402066851706,0,19231.539062502634
R9_4,3,1.3215688885731218,1,172.11264841438643,0,19231.539062502634
R9_4,4,1.0672504406452568,1,138.99184631926417,0,19231.539062502634
R9_4,5,1.0895777540789844,1,141.8996122936929,0,19231.539062502634
R9_4,6,1.0519811233080034,1,137.00326844858535,0,19231.539062502634
R9_4,7,1.2822515848922027,1,166.9922151751158,0,19231.539062502634
R9_4,8,1.0693083843359048,1,139.2598596948418,0,19231.539062502634
R9_4,9,1.4322982421520791,1,186.5333286123471,0,19231.539062502634
R9_4,10,1.0283228734219616,1,133.92216985437412,0,19231.539062502634
R9_4,11,0.9351658429362786,1,121.7899962129211,0,19231.539062502634
R9_4,12,1.0123231307521046,1,131.83846607724365,0,19231.539062502634
R9_4,13,1.059937057833503,1,138.0393982891367,0,19231.539062502634
R9_4,14,1.0587947034754244,1,137.89062539073032,0,19231.539062502634
R9_4,15,1.1929122076520517,1,155.35722818545074,0,19231.539062502634
R9_4,16,1.2565301103498179,1,163.64241544625517,0,19231.539062502634
R9_4,17,1.0373676051992504,1,135.10009765961155,0,19231.539062502634
R9_4,18,1.0919370267194601,1,142.206868817356,0,19231.539062502634
R9_4,19,1.0944162020618275,1,142.529740699214,0,19231.539062502634
R9_4,20,1.0642153642994039,1,138.59657745924417,0,19231.539062502634
R9_4,21,2.8866118311556797,0,245.7002140393178,0,19231.539062502634
R9_4,22,1.062280634357247,1,138.34461065131543,0,19231.539062502634
R9_4,23,1.3559195178055123,1,176.58625385637777,0,19231.539062502634
R9_4,24,1.0438583969144322,1,135.94541670583385,0,19231.539062502634
R9_4,25,1.2631754577743486,1,164.50786283591373,0,19231.539062502634
R9_4,26,1.0344669322627453,1,134.72233263683967,0,19231.539062502634
R9_4,27,1.137142506872145,1,148.0941403619541,0,19231.539062502634
R9_4,28,1.1688897672164344,1,152.2286997519349,0,19231.539062502634
R9_4,29,1.1061998988117452,1,144.0643737200701,0,19231.539062502634
R9_4,30,1.1386950101338051,1,148.2963284206673,0,19231.539062502634
R9_4,31,1.447777817435357,1,188.54928912819386,0,19231.539062502634
R9_4,32,1.4715595839443125,1,191.64647373447514,0,19231.539062502634
R9_4,33,1.1693942901531749,1,152.29440558049916,0,19231.539062502634
R9_4,34,1.0374302393345047,1,135.10825472731517,0,19231.539062502634
R9_4,35,1.1788787687178086,1,153.52960318442496,0,19231.539062502634
R9_4,36,1.0825484776657568,1,140.98416445712695,0,19231.539062502634
R9_4,37,1.0012025183966493,1,130.39018891134126,0,19231.539062502634
R9_4,38,1.025514178799595,1,133.55638349679333,0,19231.539062502634
R9_4,39,1.2621068595137572,1,164.36869545817703,0,19231.539062502634
R9_4,40,1.0991174327510311,1,143.14199880525888,0,19231.539062502634
R9_4,41,1.44087577831813,1,187.6504118602762,0,19231.539062502634
R9_4,42,1.4299660445765436,1,186.22959817133753,0,19231.539062502634
R9_4,43,1.086037899957761,1,141.43860441656142,0,19231.539062502634
R9_4,44,1.2349232762835314,1,160.82848007962116,0,19231.539062502634
R9_4,45,1.049515700028488,1,136.6821875471135,0,19231.539062502634
R9_4,46,1.2820541630577367,1,166.96650422271807,0,19231.539062502634
R9_4,47,1.1403447118219585,1,148.51117497849458,0,19231.539062502634
R9_4,48,1.1807833193439645,1,153.77763963196955,0,19231.539062502634
R9_4,49,1.044464176725862,1,136.0243095797525,0,19231.539062502634
R9_4,50,1.0198831779124689,1,132.82303808870554,0,19231.539062502634
R9_4,51,1.1013328725820521,1,143.43052346713367,0,19231.539062502634
R9_4,52,2.7028789405629396,0,221.77202181704948,0,19231.539062502634
R9_4,53,1.3252856692918833,1,172.59669807582512,0,19231.539062502634
R9_4,54,1.089612747645809,1,141.90416963120052,0,19231.539062502634
R9_4,55,1.0212556836635738,1,133.0017844271138,0,19231.539062502634
R9_4,56,1.049255294458641,1,136.6482739973349,0,19231.539062502634
R9_4,57,1.134910395640354,1,147.8034445238625,0,19231.539062502634
R9_4,58,1.0949114770797568,1,142.59424213819773,0,19231.539062502634
R9_4,59,1.4863961214269832,1,193.57868913506505,0,19231.539062502634
R9_4,60,1.0012025183966493,1,130.39018891134126,0,19231.539062502634
R9_4,61,1.1542414922598603,1,150.3210024542176,0,19231.539062502634
R9_4,62,1.1315657781014448,1,147.3678630059168,0,19231.539062502634
R9_4,63,1.336529878125436,1,174.0610716536237,0,19231.539062502634
R9_4,64,1.1241191365014487,1,146.39806020664537,0,19231.539062502634
R9_5,1,1.3501910473978764,1,185.6687847583222,0,17611.57968758198
R9_5,2,1.4667188465653176,1,201.69286883418474,0,17611.57968758198
R9_5,3,1.2037928443906534,1,165.537132652097,0,17611.57968758198
R9_5,4,1.0576783514673256,1,145.4444943629191,0,17611.57968758198
R9_5,5,1.396493232409476,1,192.0359358658094,0,17611.57968758198
R9_5,6,1.0330729136980228,1,142.06092746853204,0,17611.57968758198
R9_5,7,1.0281367418974483,1,141.38213981004643,0,17611.57968758198
R9_5,8,1.25875126195311,1,173.09462803079012,0,17611.57968758198
R9_5,9,1.306009797686082,1,179.59328976900053,0,17611.57968758198
R9_5,10,1.1199558445291764,1,154.00845757158686,0,17611.57968758198
R9_5,11,1.0438504880650097,1,143.54298375917116,0,17611.57968758198
R9_5,12,1.2871989739311012,1,177.00655747387708,0,17611.57968758198
R9_5,13,1.665843477669661,1,229.07508881249404,0,17611.57968758198
R9_5,14,2.058338155200744,1,283.04819872294024,0,17611.57968758198
R9_5,15,1.2935538142530465,1,177.8804304581357,0,17611.57968758198
R9_5,16,1.3336553542352512,1,183.39491243443274,0,17611.57968758198
R9_5,17,1.4769169998799363,1,203.09524721341737,0,17611.57968758198
R9_5,18,1.048140634750867,1,144.1329345836367,0,17611.57968758198
R9_5,19,1.3425742143073602,1,184.62137139682162,0,17611.57968758198
R9_5,20,1.3955534138751275,1,191.9066986252705,0,17611.57968758198
R9_5,21,1.0514673211555259,1,144.59039712067178,0,17611.57968758198
R9_5,22,1.4335233973146941,1,197.12806392472547,0,17611.57968758198
R9_5,23,1.0541792654072797,1,144.96332463676367,0,17611.57968758198
R9_5,24,0.927010269466015,1,127.47593795851914,0,17611.57968758198
R9_5,25,1.3482229263825527,1,185.39814258670006,0,17611.57968758198
R9_5,26,1.4491488844484675,1,199.27677111173867,0,17611.57968758198
R9_5,27,1.0054507460972548,1,138.26252108692444,0,17611.57968758198
R9_5,28,1.5763258383691987,1,216.76525211539655,0,17611.57968758198
R9_5,29,0.9578201357361724,1,131.71269426050384,0,17611.57968758198
R9_5,30,1.3495184062125585,1,185.57628786930994,0,17611.57968758198
R9_5,31,1.3477750380178204,1,185.3365521261889,0,17611.57968758198
R9_5,32,1.5904030672229652,1,218.70105370368387,0,17611.57968758198
R9_5,33,1.3314611979275561,1,183.09318747780185,0,17611.57968758198
R9_5,34,0.9413305598335011,1,129.44516365812763,0,17611.57968758198
R9_5,35,1.0028573637294844,1,137.90589736795854,0,17611.57968758198
R9_5,36,0.9727063084976262,1,133.75973613035532,0,17611.57968758198
R9_5,37,1.25875126195311,1,173.09462803079012,0,17611.57968758198
R9_5,38,1.379772990558699,1,189.73668570318833,0,17611.57968758198
R9_5,39,1.251990628865066,1,172.16495327692974,0,17611.57968758198
R9_5,40,1.3358089313571408,1,183.69105722659035,0,17611.57968758198
R9_5,41,1.4262161391972192,1,196.12322113806823,0,17611.57968758198
R9_5,42,1.3165856102061788,1,181.04760118827895,0,17611.57968758198
R9_5,43,1.587359724540379,1,218.28255460419098,0,17611.57968758198
R9_5,44,1.0541792654072797,1,144.96332463676367,0,17611.57968758198
R9_5,45,1.0771735187767977,1,148.12533277462802,0,17611.57968758198
R9_5,46,1.1199558445291764,1,154.00845757158686,0,17611.57968758198
R9_5,47,1.1310964753748358,1,155.54043883789825,0,17611.57968758198
R9_5,48,1.1101762885363087,1,152.6636417544689,0,17611.57968758198
R9_5,49,1.0317358119050688,1,141.87705862606362,0,17611.57968758198
R9_5,50,1.09383667378248,1,150.41673275547288,0,17611.57968758198
R9_5,51,0.9802350886582918,1,134.79504107170928,0,17611.57968758198
R9_5,52,1.0,0,0.0,0,17611.57968758198
R9_5,53,1.09383667378248,1,150.41673275547288,0,17611.57968758198
R9_5,54,1.4335233973146941,1,197.12806392472547,0,17611.57968758198
R9_5,55,1.2376703384975816,1,170.19572757732124,0,17611.57968758198
R9_5,56,1.2857896874680428,1,176.81276230283325,0,17611.57968758198
R9_5,57,1.316965171747663,1,181.09979582420416,0,17611.57968758198
R9_5,58,1.4565712182370536,1,200.29743829602572,0,17611.57968758198
R9_5,59,1.4162517774906718,1,194.75299213787403,0,17611.57968758198
R9_5,60,1.2730715523205927,1,175.06385373039862,0,17611.57968758198
R9_5,61,1.341464998584076,1,184.46883984525053,0,17611.57968758198
R9_5,62,1.0582885711369858,1,145.5284074837472,0,17611.57968758198
R9_5,63,1.7032763652318756,1,234.2225964611823,0,17611.57968758198
R9_5,64,1.0533718848609173,1,144.8522993376627,0,17611.57968758198
R9_6,1,0.9648340200066077,1,144.0820262579403,0,19027.70937499554
R9_6,2,1.2221997109078142,1,182.51534169396422,0,19027.70937499554
R9_6,3,1.1624846265548818,1,173.59788006499355,0,19027.70937499554
R9_6,4,1.1663475450500176,1,174.174743144557,0,19027.70937499554
R9_6,5,1.7151202660864708,1,256.12488582451164,0,19027.70937499554
R9_6,6,0.9991651295874906,1,149.2088104814728,0,19027.70937499554
R9_6,7,1.2208363915762526,1,182.31175246757397,0,19027.70937499554
R9_6,8,0.9107654836326766,1,136.00778331457508,0,19027.70937499554
R9_6,9,1.063294051459824,1,158.7854058476267,0,19027.70937499554
R9_6,10,0.9767407236708952,1,145.86009580610144,0,19027.70937499554
R9_6,11,1.1761820085231633,1,175.64335784406822,0,19027.70937499554
R9_6,12,0.9821659806861369,1,146.67026834098036,0,19027.70937499554
R9_6,13,1.3664711084514813,1,204.05989221573563,0,19027.70937499554
R9_6,14,1.3648174354468239,1,203.81294346357885,0,19027.70937499554
R9_6,15,1.5002410621295397,1,224.03622553183683,0,19027.70937499554
R9_6,16,1.0531954065349982,1,157.2773400113716,0,19027.70937499554
R9_6,17,1.3252429967614603,1,197.903154634026,0,19027.70937499554
R9_6,18,1.0420235215353966,1,155.60900349494986,0,19027.70937499554
R9_6,19,1.4670197808724978,1,219.0751758391995,0,19027.70937499554
R9_6,20,1.175286148914159,1,175.50957600695287,0,19027.70937499554
R9_6,21,0.9467253010048022,1,141.37778814795152,0,19027.70937499554
R9_6,22,0.9275613394964513,1,138.51596699737308,0,19027.70937499554
R9_6,23,0.9991651295874906,1,149.2088104814728,0,19027.70937499554
R9_6,24,1.010350654466997,1,150.87918388869036,0,19027.70937499554
R9_6,25,1.8006332708929698,1,268.89484080997255,0,19027.70937499554
R9_6,26,1.1708261221177079,1,174.84354466407686,0,19027.70937499554
R9_6,27,0.9821659806861369,1,146.67026834098036,0,19027.70937499554
R9_6,28,1.3793780334909584,0,56.65384371786121,0,19027.70937499554
R9_6,29,1.434320911318661,1,214.19213970659254,0,19027.70937499554
R9_6,30,1.4074336392746414,1,210.17696968115706,0,19027.70937499554
R9_6,31,1.0216146752745132,1,152.56127936636327,0,19027.70937499554
R9_6,32,1.2882809931023065,1,192.38348983020003,0,19027.70937499554
R9_6,33,1.7197343595208352,1,256.8139244752861,0,19027.70937499554
R9_6,34,1.018189136501487,1,152.0497317247922,0,19027.70937499554
R9_6,35,1.064244634414413,1,158.92735971262675,0,19027.70937499554
R9_6,36,1.5069808918046927,1,225.0427077827661,0,19027.70937499554
R9_6,37,1.0327407428560065,1,154.22277380808504,0,19027.70937499554
R9_6,38,1.589126794513902,1,237.30984167907036,0,19027.70937499554
R9_6,39,1.0127703529502448,1,151.24052589484936,0,19027.70937499554
R9_6,40,1.3870385483258403,1,207.1312996812557,0,19027.70937499554
R9_6,41,1.1908086551202608,1,177.82760594827002,0,19027.70937499554
R9_6,42,1.306812184833099,1,195.15081726495268,0,19027.70937499554
R9_6,43,1.5311238751064362,1,228.64806360759783,0,19027.70937499554
R9_6,44,1.1004317608879202,1,164.33130940619097,0,19027.70937499554
R9_6,45,1.8038779015313242,1,269.3793728094028,0,19027.70937499554
R9_6,46,1.0309742936559783,1,153.95898379369467,0,19027.70937499554
R9_6,47,0.9252508380625919,1,138.17093176710634,0,19027.70937499554
R9_6,48,1.4976010793655803,1,223.6419877064386,0,19027.70937499554
R9_6,49,1.434320911318661,1,214.19213970659254,0,19027.70937499554
R9_6,50,1.4730040311928683,1,219.96882479219568,0,19027.70937499554
R9_6,51,1.3951337071861474,1,208.34017796216992,0,19027.70937499554
R9_6,52,0.9581177628755668,1,143.07906417716404,0,19027.70937499554
R9_6,53,1.1335941894009327,1,169.28357041348463,0,19027.70937499554
R9_6,54,1.1242666809182147,1,167.89066106922303,0,19027.70937499554
R9_6,55,1.5413730934049408,1,230.17861509043058,0,19027.70937499554
R9_6,56,0.8723844417819766,1,130.27620859284025,1,19027.70937499554
R9_6,57,0.9134471043095314,1,136.40823907459668,0,19027.70937499554
R9_6,58,1.3099541261773204,1,195.62001431426089,0,19027.70937499554
R9_6,59,1.420320557172598,1,212.10141803647588,0,19027.70937499554
R9_6,60,1.0046356693064826,1,150.02574524029453,0,19027.70937499554
R9_6,61,1.1888680508361666,1,177.537808748317,0,19027.70937499554
R9_6,62,1.373572300319923,1,205.1203379421879,0,19027.70937499554
R9_6,63,1.3513950602908693,1,201.8085334100747,0,19027.70937499554
R9_6,64,1.3426540911818137,1,200.50321403433168,0,19027.70937499554
R9_7,1,1.2811065505501418,1,188.02637520071463,0,16853.30468740176
R9_7,2,1.072916330656989,1,157.47056203908545,0,16853.30468740176
R9_7,3,1.0219335769042743,1,149.98788826635607,0,16853.30468740176
R9_7,4,1.2663322671217117,1,185.85797245697535,0,16853.30468740176
R9_7,5,1.1974210354038597,1,175.74395882949,0,16853.30468740176
R9_7,6,1.0552868555812722,1,154.88310645722555,0,16853.30468740176
R9_7,7,1.069606817918963,1,156.98482907367043,0,16853.30468740176
R9_7,8,1.044306828226329,1,153.27158184027,0,16853.30468740176
R9_7,9,0.9432159033459335,1,138.4345956717223,0,16853.30468740176
R9_7,10,0.9989507506739201,1,146.61472816026975,0,16853.30468740176
R9_7,11,1.1994540085176517,1,176.04233570165817,0,16853.30468740176
R9_7,12,1.2544720946794232,1,184.11727006760628,0,16853.30468740176
R9_7,13,1.1956998371749723,1,175.49134075971267,0,16853.30468740176
R9_7,14,1.0603188805734085,1,155.62165035022534,0,16853.30468740176
R9_7,15,1.2880719515461365,1,189.04867822502882,0,16853.30468740176
R9_7,16,1.1346541455336663,1,166.53174242184892,0,16853.30468740176
R9_7,17,0.9985893826850152,1,146.56169064122994,0,16853.30468740176
R9_7,18,1.2851071518989947,1,188.61353836050418,0,16853.30468740176
R9_7,19,1.0470610354966023,1,153.67581333011645,0,16853.30468740176
R9_7,20,1.3557321072884463,1,198.97907302652268,0,16853.30468740176
R9_7,21,1.145054844097288,1,168.05823969066174,0,16853.30468740176
R9_7,22,1.0603188805734085,1,155.62165035022534,0,16853.30468740176
R9_7,23,1.1428435638155818,1,167.73369290277458,0,16853.30468740176
R9_7,24,1.071553131494774,1,157.2704870359267,0,16853.30468740176
R9_7,25,0.9111722158771496,1,133.73158451294498,0,16853.30468740176
R9_7,26,0.9707009200197199,1,142.46853652955622,0,16853.30468740176
R9_7,27,1.0883610592149395,1,159.7373651597656,0,16853.30468740176
R9_7,28,0.9707009200197199,1,142.46853652955622,0,16853.30468740176
R9_7,29,1.2041344749088942,1,176.7292817869903,0,16853.30468740176
R9_7,30,1.073948010342951,1,157.62198035135353,0,16853.30468740176
R9_7,31,1.1956998371749723,1,175.49134075971267,0,16853.30468740176
R9_7,32,1.1470315841436545,1,168.34836330721268,0,16853.30468740176
R9_7,33,1.275125597555057,1,187.1485583544666,0,16853.30468740176
R9_7,34,2.4791623822487203,0,217.09477712688926,0,16853.30468740176
R9_7,35,0.9888529444331873,1,145.132686011544,0,16853.30468740176
R9_7,36,1.2743915951354445,1,187.04082975508612,0,16853.30468740176
R9_7,37,1.314067211322774,1,192.863969362291,0,16853.30468740176
R9_7,38,1.050932005632074,1,154.24395068197867,0,16853.30468740176
R9_7,39,1.0440891319610017,1,153.23963083693891,0,16853.30468740176
R9_7,40,0.9662239909566885,1,141.81146335840492,0,16853.30468740176
R9_7,41,1.277171575726861,1,187.44884396241932,0,16853.30468740176
R9_7,42,1.3470988088854536,1,197.71197482610847,0,16853.30468740176
R9_7,43,2.3141597288924842,0,192.87754804805076,0,16853.30468740176
R9_7,44,1.0430649070396356,1,153.0893066509665,0,16853.30468740176
R9_7,45,1.0587537697955476,1,155.3919410366461,0,16853.30468740176
R9_7,46,1.3432307283105356,1,197.14426157136475,0,16853.30468740176
R9_7,47,0.9454507590749213,1,138.76260259795114,0,16853.30468740176
R9_7,48,1.1724857271779978,1,172.08423543005253,0,16853.30468740176
R9_7,49,0.9693358734606292,1,142.2681903863135,0,16853.30468740176
R9_7,50,1.317309926706029,1,193.3398985651035,0,16853.30468740176
R9_7,51,1.1274480019419517,1,165.4741059136721,0,16853.30468740176
R9_7,52,1.1642898237947783,1,170.88133313907605,0,16853.30468740176
R9_7,53,1.0264551427801578,1,150.65151272562412,0,16853.30468740176
R9_7,54,1.0377462679038878,1,152.30869676550017,0,16853.30468740176
R9_7,55,0.9836659742333644,1,144.37140100794437,0,16853.30468740176
R9_7,56,1.104120858332939,1,162.05041078487483,0,16853.30468740176
R9_7,57,1.221603550610471,1,179.29319575719353,0,16853.30468740176
R9_7,58,1.0540954491728556,1,154.70824525753147,0,16853.30468740176
R9_7,59,1.2831272139919694,1,188.32294539802132,0,16853.30468740176
R9_7,60,1.3350971935267921,1,195.95051304022218,0,16853.30468740176
R9_7,61,1.0219335769042743,1,149.98788826635607,0,16853.30468740176
R9_7,62,1.2806596725763733,1,187.96078749020893,0,16853.30468740176
R9_7,63,1.0552383088780193,1,154.87598131947905,0,16853.30468740176
R9_7,64,1.050932005632074,1,154.24395068197867,0,16853.30468740176
R9_8,1,1.195355135839291,1,143.6019282583666,0,16733.292187382176
R9_8,2,1.4729665621448973,1,176.9522983105683,0,16733.292187382176
R9_8,3,1.3591796144981885,1,163.28269954214184,0,16733.292187382176
R9_8,4,1.4729665621448973,1,176.9522983105683,0,16733.292187382176
R9_8,5,1.2916541943243196,1,155.17064961430543,0,16733.292187382176
R9_8,6,1.385976266363123,1,166.5018691121717,0,16733.292187382176
R9_8,7,1.0749964689482425,1,129.1428473292283,0,16733.292187382176
R9_8,8,1.3459142775623434,1,161.68909116094147,0,16733.292187382176
R9_8,9,1.490639545532913,1,179.0754116988045,0,16733.292187382176
R9_8,10,1.4978175143568997,1,179.93772460749446,0,16733.292187382176
R9_8,11,1.4866694241852088,1,178.5984680158296,0,16733.292187382176
R9_8,12,1.7628170799192038,1,211.77299051418834,0,16733.292187382176
R9_8,13,1.0857621298946043,1,130.43616144527826,0,16733.292187382176
R9_8,14,0.9985175293424753,1,119.95518178175752,0,16733.292187382176
R9_8,15,1.0544088119037127,1,126.66958464663615,0,16733.292187382176
R9_8,16,1.0,0,0.0,0,16733.292187382176
R9_8,17,1.128790780930812,1,135.60533424915533,0,16733.292187382176
R9_8,18,0.9139095221101687,1,109.79094471080008,0,16733.292187382176
R9_8,19,1.0738799255889049,1,129.00871331785586,0,16733.292187382176
R9_8,20,1.1809880827737427,1,141.87596710946102,0,16733.292187382176
R9_8,21,1.4925121371483634,1,179.30037226387552,0,16733.292187382176
R9_8,22,0.9903536510315796,1,118.97442833672505,0,16733.292187382176
R9_8,23,1.487944588857534,1,178.75165772514927,0,16733.292187382176
R9_8,24,1.0523674312567763,1,126.424346902287,0,16733.292187382176
R9_8,25,2.005798798138194,1,240.9631802926252,0,16733.292187382176
R9_8,26,1.0643504359884535,1,127.86390451508781,0,16733.292187382176
R9_8,27,1.434388724279751,1,172.31781627307404,0,16733.292187382176
R9_8,28,0.9683112406318486,1,116.32640136803589,0,16733.292187382176
R9_8,29,1.1566152928217193,1,138.9479840112086,0,16733.292187382176
R9_8,30,1.1617844886249742,1,139.56897643650248,0,16733.292187382176
R9_8,31,0.9683112406318486,1,116.32640136803589,0,16733.292187382176
R9_8,32,1.0319015696266813,1,123.9657159018127,0,16733.292187382176
R9_8,33,1.7690091891073685,1,212.5168688753104,0,16733.292187382176
R9_8,34,1.2625045750762993,1,151.66881036460526,0,16733.292187382176
R9_8,35,1.6143324491906643,1,193.9350454131465,0,16733.292187382176
R9_8,36,1.1703152935946939,1,140.59380998305164,0,16733.292187382176
R9_8,37,1.3507328905816056,1,162.26796692794179,0,16733.292187382176
R9_8,38,1.411188015008383,1,169.53063906653583,0,16733.292187382176
R9_8,39,1.1689219998234446,1,140.4264290381066,0,16733.292187382176
R9_8,40,1.555955346799042,1,186.92201286890014,0,16733.292187382176
R9_8,41,1.7841691494119836,1,214.33808456828044,0,16733.292187382176
R9_8,42,1.4448194130928407,1,173.57088908943902,0,16733.292187382176
R9_8,43,1.102568546084587,1,132.45517127728021,0,16733.292187382176
R9_8,44,0.9496547945502094,1,114.08514138475056,0,16733.292187382176
R9_8,45,1.094869550932497,1,131.5302657689976,0,16733.292187382176
R9_8,46,0.9683112406318486,1,116.32640136803589,0,16733.292187382176
R9_8,47,1.187486118693533,1,142.6565974510199,0,16733.292187382176
R9_8,48,1.0,0,0.0,0,16733.292187382176
R9_8,49,1.8034321077627649,1,216.65220685729446,0,16733.292187382176
R9_8,50,1.3917038202042278,1,167.18993891764305,0,16733.292187382176
R9_8,51,1.8050526159083482,1,216.84688380934574,0,16733.292187382176
R9_8,52,1.2094858852827475,1,145.29950147905737,0,16733.292187382176
R9_8,53,1.2971931780537354,1,155.83606587453426,0,16733.292187382176
R9_8,54,1.5084530775042992,1,181.21540964877502,0,16733.292187382176
R9_8,55,1.6809625875177545,1,201.939542199931,0,16733.292187382176
R9_8,56,0.9496547945502094,1,114.08514138475056,0,16733.292187382176
R9_8,57,1.4355753899079122,1,172.46037430230987,0,16733.292187382176
R9_8,58,3.0876594011724414,0,250.797362697218,0,16733.292187382176
R9_8,59,1.2889287268196519,1,154.84323027477913,0,16733.292187382176
R9_8,60,1.452887394790535,1,174.54012216018575,0,16733.292187382176
R9_8,61,1.4286257653077143,1,171.62549313324251,0,16733.292187382176
R9_8,62,1.8186659316118003,1,218.48229601982095,0,16733.292187382176
R9_8,63,1.3677717401466793,1,164.31489974270832,0,16733.292187382176
R9_8,64,0.9855350380123191,1,118.39555256972477,0,16733.292187382176
R9_9,1,1.0235929209189525,1,122.89532694534599,0,19023.337500129855
R9_9,2,1.0946062786844983,1,131.42138221763986,0,19023.337500129855
R9_9,3,1.1629024507976418,1,139.62120485164655,0,19023.337500129855
R9_9,4,1.3739272885414078,1,164.95741605250757,0,19023.337500129855
R9_9,5,1.0838301658307046,1,130.1275730428186,0,19023.337500129855
R9_9,6,1.1065969069797355,1,132.86100939218122,0,19023.337500129855
R9_9,7,1.2689875576721334,1,152.3580689183385,0,19023.337500129855
R9_9,8,1.3341845912989747,1,160.18580062660743,0,19023.337500129855
R9_9,9,1.3603420650846143,1,163.32633748188832,0,19023.337500129855
R9_9,10,1.4136755703050792,1,169.72970197108972,0,19023.337500129855
R9_9,11,1.366136111744435,1,164.02198635171035,0,19023.337500129855
R9_9,12,1.280466561435528,1,153.73626907162063,0,19023.337500129855
R9_9,13,1.2391431175733558,1,148.77486494292629,0,19023.337500129855
R9_9,14,1.0660023514162358,1,127.9871175586012,0,19023.337500129855
R9_9,15,1.0213910780320319,1,122.63096774947809,0,19023.337500129855
R9_9,16,1.229768863297057,1,147.64936669004658,0,19023.337500129855
R9_9,17,0.9686271073682633,1,116.29598311531599,0,19023.337500129855
R9_9,18,1.3509063437193802,1,162.1934593245204,0,19023.337500129855
R9_9,19,0.976258383164577,1,117.21221467068459,0,19023.337500129855
R9_9,20,1.082879225376157,1,130.0134005669457,0,19023.337500129855
R9_9,21,1.2319079742960444,1,147.9061941262475,0,19023.337500129855
R9_9,22,1.2964270269743494,1,155.65252561316873,0,19023.337500129855
R9_9,23,1.088080864619231,1,130.63792340445767,0,19023.337500129855
R9_9,24,1.081269300582715,1,129.82010865391666,0,19023.337500129855
R9_9,25,1.0896263472559902,1,130.82347821834057,0,19023.337500129855
R9_9,26,1.5250460545353342,1,183.10114269896312,0,19023.337500129855
R9_9,27,1.0942036619797797,1,131.37304297012332,0,19023.337500129855
R9_9,28,2.6294921538544713,0,195.64122309778818,0,19023.337500129855
R9_9,29,1.2779851967214935,1,153.4383497312561,0,19023.337500129855
R9_9,30,1.0653167327235824,1,127.90480032909376,0,19023.337500129855
R9_9,31,1.1941264188830445,1,143.37003867802886,0,19023.337500129855
R9_9,32,1.35881918063928,1,163.14349586782058,0,19023.337500129855
R9_9,33,1.1562688181061134,1,138.82475301830564,0,19023.337500129855
R9_9,34,1.4380678238227969,1,172.65830171980863,0,19023.337500129855
R9_9,35,1.1348513665936366,1,136.25331602204454,0,19023.337500129855
R9_9,36,1.1907602257102425,1,142.96588444632403,0,19023.337500129855
R9_9,37,1.182112662607672,1,141.9276346958113,0,19023.337500129855
R9_9,38,1.1442195712531742,1,137.37808794161887,0,19023.337500129855
R9_9,39,1.1903493418354216,1,142.91655262006688,0,19023.337500129855
R9_9,40,1.0247624034645337,1,123.03573817412537,0,19023.337500129855
R9_9,41,0.9654724758022724,1,115.91722954075394,0,19023.337500129855
R9_9,42,1.1354712709742305,1,136.32774341400003,0,19023.337500129855
R9_9,43,1.1567954386325319,1,138.88798049912128,0,19023.337500129855
R9_9,44,1.2897620467958415,1,154.8523101159898,0,19023.337500129855
R9_9,45,1.1040167066008362,1,132.55122357531107,0,19023.337500129855
R9_9,46,1.3589045737761563,1,163.15374839815834,0,19023.337500129855
R9_9,47,1.1768060764856152,1,141.2905116529433,0,19023.337500129855
R9_9,48,0.9676816531509065,1,116.18246933187791,0,19023.337500129855
R9_9,49,1.1407520622436174,1,136.9617694572817,0,19023.337500129855
R9_9,50,1.0213910780320319,1,122.63096774947809,0,19023.337500129855
R9_9,51,1.0370822517099079,1,124.51489238386043,0,19023.337500129855
R9_9,52,1.216411975387281,1,146.04570270107487,0,19023.337500129855
R9_9,53,1.0485612078863955,1,125.89308682373057,0,19023.337500129855
R9_9,54,1.1921697260875206,1,143.1351128633589,0,19023.337500129855
R9_9,55,1.0855006727624232,1,130.32813861077284,0,19023.337500129855
R9_9,56,1.2012940264751517,1,144.23060097818376,0,19023.337500129855
R9_9,57,1.4377651484099339,1,172.62196169335706,0,19023.337500129855
R9_9,58,1.3559052913402674,1,162.79364645916775,0,19023.337500129855
R9_9,59,1.203665705012492,1,144.51535110032594,0,19023.337500129855
R9_9,60,1.1708685712834281,1,140.57763876358473,0,19023.337500129855
R9_9,61,1.0282090205527883,1,123.44954831804085,0,19023.337500129855
R9_9,62,1.1978336291673433,1,143.81513634394008,0,19023.337500129855
R9_9,63,1.0460561076562858,1,125.5923177332857,0,19023.337500129855
R9_9,64,0.9706462733962464,1,116.53840963477953,0,19023.337500129855
